service_id,monday,tuesday,wednesday,thursday,friday,saturday,sunday,start_date,end_date
1,0,0,0,0,0,0,1,20240514,20240812
8,1,1,1,1,1,0,0,20240514,20240812
10,0,0,0,0,1,0,0,20240514,20240812
13,1,1,1,1,1,0,0,20240514,20240812
14,0,0,0,0,0,1,0,20240514,20240812
15,1,1,1,1,1,0,0,20240514,20240812
19,0,0,1,0,0,0,0,20240514,20240812
20,0,0,0,0,0,0,1,20240514,20240812
21,0,0,0,0,0,0,1,20240514,20240812
23,1,0,0,0,0,0,0,20240514,20240812
25,0,0,0,1,0,0,0,20240514,20240812
28,1,1,1,1,1,0,0,20240514,20240812
29,1,1,1,1,1,0,0,20240514,20240812
32,1,1,1,1,1,0,0,20240514,20240812
34,0,1,0,0,0,0,0,20240514,20240812
35,0,0,0,1,0,0,0,20240514,20240812
36,0,0,0,0,1,0,0,20240514,20240812
38,1,1,1,1,0,0,0,20240514,20240812
39,0,1,1,1,1,0,0,20240514,20240812
40,1,1,1,0,1,0,0,20240514,20240812
41,1,0,1,1,1,0,0,20240514,20240812
42,1,1,0,1,1,0,0,20240514,20240812
53,1,1,1,0,0,0,0,20240514,20240812
61,1,0,1,0,1,0,0,20240514,20240812
62,0,1,0,1,0,0,0,20240514,20240812
71,1,0,0,0,0,0,0,20240514,20240812
72,0,1,0,0,0,0,0,20240514,20240812
73,0,0,1,0,0,0,0,20240514,20240812
80,1,0,0,0,1,0,0,20240514,20240812
92,0,0,0,0,0,0,1,20240514,20240812
127,0,0,0,0,0,1,0,20240514,20240812
128,0,0,0,0,0,0,1,20240514,20240812
134,1,0,0,0,0,0,0,20240514,20240812
143,1,1,1,1,0,0,0,20240514,20240812
164,0,0,0,0,0,1,0,20240514,20240812
165,0,0,0,0,0,0,1,20240514,20240812
178,0,1,0,1,0,0,0,20240514,20240812
182,0,1,0,1,0,0,0,20240514,20240812
183,0,0,0,0,0,1,1,20240514,20240812
184,0,0,0,0,0,0,1,20240514,20240812
197,0,0,0,0,1,0,0,20240514,20240812
202,0,0,0,1,0,0,0,20240514,20240812
203,0,1,0,0,1,0,0,20240514,20240812
204,0,1,0,0,0,0,0,20240514,20240812
205,0,0,0,0,0,0,1,20240514,20240812
206,1,0,0,1,0,0,0,20240514,20240812
207,1,1,1,1,1,0,1,20240514,20240812
208,0,0,0,0,0,1,0,20240514,20240812
209,0,0,0,0,1,0,0,20240514,20240812
210,1,1,1,1,1,0,0,20240514,20240812
211,0,0,0,0,0,0,1,20240514,20240812
212,0,0,0,1,0,0,0,20240514,20240812
213,0,1,0,0,0,0,0,20240514,20240812
215,0,0,0,0,0,0,1,20240514,20240812
216,0,0,0,0,0,1,0,20240514,20240812
217,0,0,1,0,1,0,0,20240514,20240812
218,1,0,0,1,0,0,0,20240514,20240812
219,1,1,0,1,0,1,1,20240514,20240812
220,0,1,1,0,1,1,1,20240514,20240812
221,0,0,0,0,0,1,0,20240514,20240812
223,0,0,0,0,0,0,0,20240514,20240812
224,1,0,0,0,1,0,0,20240514,20240812
225,0,0,1,0,0,0,0,20240514,20240812
226,0,0,0,0,1,0,0,20240514,20240812
227,0,0,0,0,0,0,1,20240514,20240812
228,0,0,0,0,0,0,1,20240514,20240812
229,0,1,0,0,0,0,0,20240514,20240812
230,0,0,0,0,0,1,0,20240514,20240812
231,0,0,1,0,0,0,0,20240514,20240812
232,0,0,0,1,0,0,0,20240514,20240812
233,0,0,1,0,0,0,0,20240514,20240812
234,0,0,0,1,0,0,0,20240514,20240812
237,0,0,0,0,1,0,0,20240514,20240812
238,1,0,1,0,0,0,0,20240514,20240812
239,0,0,1,0,1,0,0,20240514,20240812
240,1,0,0,0,0,0,0,20240514,20240812
241,0,1,0,0,1,0,0,20240514,20240812
242,1,0,0,1,0,0,0,20240514,20240812
243,0,1,0,1,0,1,0,20240514,20240812
244,0,1,0,1,0,1,0,20240514,20240812
245,1,0,1,0,1,0,0,20240514,20240812
246,0,0,0,0,0,0,1,20240514,20240812
247,0,0,0,0,0,0,1,20240514,20240812
248,1,0,0,1,0,0,0,20240514,20240812
249,0,1,0,0,1,0,0,20240514,20240812
250,1,1,1,1,1,0,0,20240514,20240812
252,1,1,1,1,1,1,0,20240514,20240812
254,0,0,0,0,0,0,1,20240514,20240812
255,0,0,0,0,0,0,1,20240514,20240812
256,0,0,0,0,1,0,0,20240514,20240812
257,0,0,0,0,1,0,0,20240514,20240812
262,0,0,1,0,1,0,0,20240514,20240812
263,1,0,1,0,1,0,0,20240514,20240812
264,0,1,0,0,0,0,0,20240514,20240812
265,0,0,0,1,0,0,0,20240514,20240812
266,0,1,0,0,0,1,0,20240514,20240812
267,0,1,0,0,0,0,0,20240514,20240812
268,1,0,0,0,0,0,0,20240514,20240812
269,0,0,0,0,0,1,0,20240514,20240812
271,0,1,0,1,0,1,0,20240514,20240812
272,1,1,1,1,1,1,0,20240514,20240812
285,0,0,0,0,1,0,0,20240514,20240812
286,0,0,0,0,1,0,0,20240514,20240812
287,0,0,0,0,0,1,0,20240514,20240812
288,0,0,0,0,0,0,1,20240514,20240812
336,1,1,1,1,1,0,0,20240514,20240812
337,1,1,1,1,1,0,0,20240514,20240812
338,1,0,1,0,1,0,0,20240514,20240812
339,1,0,0,0,0,0,0,20240514,20240812
340,0,0,1,0,0,0,0,20240514,20240812
341,0,0,0,0,1,0,0,20240514,20240812
342,0,1,0,1,0,1,0,20240514,20240812
343,0,1,0,1,0,1,0,20240514,20240812
344,1,0,0,0,0,0,0,20240514,20240812
345,1,0,0,0,0,0,0,20240514,20240812
346,0,0,0,0,1,0,0,20240514,20240812
347,0,0,0,0,1,0,0,20240514,20240812
348,0,0,0,0,0,1,0,20240514,20240812
349,0,0,0,0,0,1,0,20240514,20240812
350,1,0,1,0,1,0,0,20240514,20240812
351,1,0,1,0,1,0,0,20240514,20240812
352,1,1,1,1,1,0,0,20240514,20240812
353,1,1,1,1,1,0,0,20240514,20240812
357,1,1,1,1,1,0,0,20240514,20240812
359,1,1,1,1,1,0,0,20240514,20240812
360,1,1,1,1,1,0,0,20240514,20240812
361,1,1,1,1,1,0,0,20240514,20240812
364,0,0,0,0,1,0,0,20240514,20240812
365,0,0,0,0,1,0,0,20240514,20240812
366,0,0,0,0,1,0,0,20240514,20240812
367,0,0,0,0,1,0,0,20240514,20240812
370,0,0,0,0,0,1,0,20240514,20240812
371,0,0,0,0,0,1,0,20240514,20240812
372,0,0,0,0,0,1,0,20240514,20240812
373,0,0,0,0,0,1,0,20240514,20240812
376,0,0,0,0,0,0,1,20240514,20240812
377,0,0,0,0,0,0,1,20240514,20240812
378,0,0,0,0,0,0,1,20240514,20240812
379,0,0,0,0,0,0,1,20240514,20240812
390,0,0,0,0,0,1,0,20240514,20240812
413,0,0,0,1,0,0,0,20240514,20240812
414,1,0,1,0,1,0,0,20240514,20240812
415,1,0,1,0,1,0,0,20240514,20240812
421,1,1,1,1,1,0,0,20240514,20240812
437,0,0,0,0,0,0,1,20240514,20240812
444,0,1,0,1,0,0,0,20240514,20240812
473,1,1,1,1,1,0,0,20240514,20240812
474,1,1,1,1,1,0,0,20240514,20240812
475,0,0,0,1,0,0,0,20240514,20240812
476,0,0,0,0,1,0,0,20240514,20240812
477,0,0,0,0,0,1,0,20240514,20240812
478,1,1,1,1,1,0,0,20240514,20240812
479,0,0,0,0,0,1,0,20240514,20240812
480,0,0,0,0,1,0,0,20240514,20240812
482,0,0,0,0,0,1,0,20240514,20240812
487,0,0,0,0,0,0,1,20240514,20240812
488,1,1,1,1,1,0,0,20240514,20240812
493,1,1,1,1,1,0,0,20240514,20240812
498,0,0,0,0,0,0,1,20240514,20240812
499,0,0,1,0,0,0,0,20240514,20240812
500,0,1,0,0,0,0,0,20240514,20240812
502,1,1,0,1,1,0,0,20240514,20240812
503,1,0,1,1,1,0,0,20240514,20240812
522,0,0,0,0,0,1,0,20240514,20240812
610,1,1,1,1,1,0,0,20240514,20240812
611,0,0,0,0,1,0,0,20240514,20240812
612,0,0,0,0,0,1,0,20240514,20240812
613,0,0,0,0,0,0,1,20240514,20240812
614,0,0,0,0,0,0,1,20240514,20240812
690,0,0,0,0,0,1,0,20240514,20240812
698,0,0,0,0,0,1,0,20240514,20240812
712,1,1,1,1,1,0,0,20240514,20240812
717,1,0,0,0,0,0,0,20240514,20240812
718,1,0,1,0,0,0,0,20240514,20240812
719,1,0,1,0,1,0,0,20240514,20240812
720,0,0,0,0,0,1,0,20240514,20240812
721,0,0,0,0,0,1,0,20240514,20240812
725,0,0,0,0,0,1,0,20240514,20240812
738,1,1,0,1,0,0,0,20240514,20240812
739,0,0,1,0,1,0,0,20240514,20240812
762,1,1,0,1,0,0,0,20240514,20240812
763,1,1,1,1,1,0,0,20240514,20240812
764,0,0,0,0,1,0,0,20240514,20240812
765,0,0,0,0,0,1,0,20240514,20240812
766,0,0,0,0,0,0,1,20240514,20240812
767,0,0,0,0,0,1,0,20240514,20240812
770,0,0,0,0,0,1,0,20240514,20240812
776,0,0,0,0,0,0,0,20240514,20240812
777,0,0,0,0,0,0,0,20240514,20240812
778,0,0,0,0,0,0,0,20240514,20240812
779,0,0,0,0,0,0,0,20240514,20240812
780,0,0,0,0,0,0,0,20240514,20240812
781,0,0,0,0,0,0,0,20240514,20240812
782,0,0,0,0,0,0,0,20240514,20240812
783,0,0,0,0,0,0,0,20240514,20240812
784,0,0,0,0,0,0,0,20240514,20240812
786,0,0,0,0,0,1,0,20240514,20240812
796,1,1,1,1,0,0,0,20240514,20240812
812,0,0,0,0,0,1,0,20240514,20240812
S105118_381,0,0,0,0,0,0,1,20240514,20240518
S105118_391,0,0,0,0,0,1,0,20240514,20240518
S105118_804,0,0,0,0,0,1,0,20240514,20240518
S105366_391,0,0,0,0,0,1,0,20240519,20240812
S105366_804,0,0,0,0,0,1,0,20240519,20240812
S105119_391,0,0,0,0,0,1,0,20240514,20240518
S105119_804,0,0,0,0,0,1,0,20240514,20240518
S105367_391,0,0,0,0,0,1,0,20240519,20240812
S105367_804,0,0,0,0,0,1,0,20240519,20240812
S105120_381,0,0,0,0,0,0,1,20240514,20240518
S105120_391,0,0,0,0,0,1,0,20240514,20240518
S105120_804,0,0,0,0,0,1,0,20240514,20240518
S105368_391,0,0,0,0,0,1,0,20240519,20240812
S105368_804,0,0,0,0,0,1,0,20240519,20240812
S105121_381,0,0,0,0,0,0,1,20240514,20240518
S105121_391,0,0,0,0,0,1,0,20240514,20240518
S105121_804,0,0,0,0,0,1,0,20240514,20240518
S105369_391,0,0,0,0,0,1,0,20240519,20240812
S105369_804,0,0,0,0,0,1,0,20240519,20240812
S105123_381,0,0,0,0,0,0,1,20240514,20240518
S105123_391,0,0,0,0,0,1,0,20240514,20240518
S105123_804,0,0,0,0,0,1,0,20240514,20240518
S105370_391,0,0,0,0,0,1,0,20240519,20240812
S105370_804,0,0,0,0,0,1,0,20240519,20240812
S105124_391,0,0,0,0,0,1,0,20240514,20240518
S105124_804,0,0,0,0,0,1,0,20240514,20240518
S105371_391,0,0,0,0,0,1,0,20240519,20240812
S105371_804,0,0,0,0,0,1,0,20240519,20240812
S105125_381,0,0,0,0,0,0,1,20240514,20240518
S105125_391,0,0,0,0,0,1,0,20240514,20240518
S105125_804,0,0,0,0,0,1,0,20240514,20240518
S105372_391,0,0,0,0,0,1,0,20240519,20240812
S105372_804,0,0,0,0,0,1,0,20240519,20240812
S105126_391,0,0,0,0,0,1,0,20240514,20240518
S105126_804,0,0,0,0,0,1,0,20240514,20240518
S105373_391,0,0,0,0,0,1,0,20240519,20240812
S105373_804,0,0,0,0,0,1,0,20240519,20240812
S105127_381,0,0,0,0,0,0,1,20240514,20240518
S105127_391,0,0,0,0,0,1,0,20240514,20240518
S105127_804,0,0,0,0,0,1,0,20240514,20240518
S105374_391,0,0,0,0,0,1,0,20240519,20240812
S105374_804,0,0,0,0,0,1,0,20240519,20240812
S105128_381,0,0,0,0,0,0,1,20240514,20240518
S105128_391,0,0,0,0,0,1,0,20240514,20240518
S105128_804,0,0,0,0,0,1,0,20240514,20240518
S105375_391,0,0,0,0,0,1,0,20240519,20240812
S105375_804,0,0,0,0,0,1,0,20240519,20240812
S105129_381,0,0,0,0,0,0,1,20240514,20240518
S105129_391,0,0,0,0,0,1,0,20240514,20240518
S105129_804,0,0,0,0,0,1,0,20240514,20240518
S105376_391,0,0,0,0,0,1,0,20240519,20240812
S105376_804,0,0,0,0,0,1,0,20240519,20240812
S105130_391,0,0,0,0,0,1,0,20240514,20240518
S105130_804,0,0,0,0,0,1,0,20240514,20240518
S105377_391,0,0,0,0,0,1,0,20240519,20240812
S105377_804,0,0,0,0,0,1,0,20240519,20240812
S105131_381,0,0,0,0,0,0,1,20240514,20240518
S105131_391,0,0,0,0,0,1,0,20240514,20240518
S105131_804,0,0,0,0,0,1,0,20240514,20240518
S105378_391,0,0,0,0,0,1,0,20240519,20240812
S105378_804,0,0,0,0,0,1,0,20240519,20240812
S105132_381,0,0,0,0,0,0,1,20240514,20240518
S105132_391,0,0,0,0,0,1,0,20240514,20240518
S105132_804,0,0,0,0,0,1,0,20240514,20240518
S105379_391,0,0,0,0,0,1,0,20240519,20240812
S105379_804,0,0,0,0,0,1,0,20240519,20240812
S105133_381,0,0,0,0,0,0,1,20240514,20240518
S105133_391,0,0,0,0,0,1,0,20240514,20240518
S105133_804,0,0,0,0,0,1,0,20240514,20240518
S105380_391,0,0,0,0,0,1,0,20240519,20240812
S105380_804,0,0,0,0,0,1,0,20240519,20240812
S105134_381,0,0,0,0,0,0,1,20240514,20240518
S105134_391,0,0,0,0,0,1,0,20240514,20240518
S105134_804,0,0,0,0,0,1,0,20240514,20240518
S105381_391,0,0,0,0,0,1,0,20240519,20240812
S105381_804,0,0,0,0,0,1,0,20240519,20240812
S105135_381,0,0,0,0,0,0,1,20240514,20240518
S105135_391,0,0,0,0,0,1,0,20240514,20240518
S105135_804,0,0,0,0,0,1,0,20240514,20240518
S105382_391,0,0,0,0,0,1,0,20240519,20240812
S105382_804,0,0,0,0,0,1,0,20240519,20240812
S105136_381,0,0,0,0,0,0,1,20240514,20240518
S105136_391,0,0,0,0,0,1,0,20240514,20240518
S105136_804,0,0,0,0,0,1,0,20240514,20240518
S105383_391,0,0,0,0,0,1,0,20240519,20240812
S105383_804,0,0,0,0,0,1,0,20240519,20240812
S105137_391,0,0,0,0,0,1,0,20240514,20240518
S105137_804,0,0,0,0,0,1,0,20240514,20240518
S105384_391,0,0,0,0,0,1,0,20240519,20240812
S105384_804,0,0,0,0,0,1,0,20240519,20240812
S105138_381,0,0,0,0,0,0,1,20240514,20240518
S105138_391,0,0,0,0,0,1,0,20240514,20240518
S105138_804,0,0,0,0,0,1,0,20240514,20240518
S105385_391,0,0,0,0,0,1,0,20240519,20240812
S105385_804,0,0,0,0,0,1,0,20240519,20240812
S105139_381,0,0,0,0,0,0,1,20240514,20240518
S105139_391,0,0,0,0,0,1,0,20240514,20240518
S105139_804,0,0,0,0,0,1,0,20240514,20240518
S105386_391,0,0,0,0,0,1,0,20240519,20240812
S105386_804,0,0,0,0,0,1,0,20240519,20240812
S105140_381,0,0,0,0,0,0,1,20240514,20240518
S105140_391,0,0,0,0,0,1,0,20240514,20240518
S105140_804,0,0,0,0,0,1,0,20240514,20240518
S105387_391,0,0,0,0,0,1,0,20240519,20240812
S105387_804,0,0,0,0,0,1,0,20240519,20240812
S105141_381,0,0,0,0,0,0,1,20240514,20240518
S105141_391,0,0,0,0,0,1,0,20240514,20240518
S105141_804,0,0,0,0,0,1,0,20240514,20240518
S105388_391,0,0,0,0,0,1,0,20240519,20240812
S105388_804,0,0,0,0,0,1,0,20240519,20240812
S105260_607,0,0,0,0,0,1,0,20240514,20240518
S105389_381,0,0,0,0,0,0,1,20240519,20240812
S105389_607,0,0,0,0,0,1,0,20240519,20240812
S105122_381,0,0,0,0,0,0,1,20240514,20240518
S105122_391,0,0,0,0,0,1,0,20240514,20240518
S105122_804,0,0,0,0,0,1,0,20240514,20240518
S105396_391,0,0,0,0,0,1,0,20240519,20240812
S103369_381,0,0,0,0,0,0,1,20240514,20240518
S105178_381,0,0,0,0,0,0,1,20240514,20240518
S105265_381,0,0,0,0,0,0,1,20240514,20240518
S105265_391,0,0,0,0,0,1,0,20240514,20240518
S105265_804,0,0,0,0,0,1,0,20240514,20240518
S105265_607,0,0,0,0,0,1,0,20240514,20240518
S105400_381,0,0,0,0,0,0,1,20240519,20240812
S105400_391,0,0,0,0,0,1,0,20240519,20240812
S105400_804,0,0,0,0,0,1,0,20240519,20240812
S105400_607,0,0,0,0,0,1,0,20240519,20240812
S105266_381,0,0,0,0,0,0,1,20240514,20240518
S105266_391,0,0,0,0,0,1,0,20240514,20240518
S105266_804,0,0,0,0,0,1,0,20240514,20240518
S105266_607,0,0,0,0,0,1,0,20240514,20240518
S105401_381,0,0,0,0,0,0,1,20240519,20240812
S105401_391,0,0,0,0,0,1,0,20240519,20240812
S105401_804,0,0,0,0,0,1,0,20240519,20240812
S105401_607,0,0,0,0,0,1,0,20240519,20240812
S105309_522,0,0,0,0,0,1,0,20240514,20240518
S105309_390,0,0,0,0,0,1,0,20240514,20240518
S105419_388,0,0,0,0,0,1,0,20240519,20240812
S105419_403,0,0,0,0,0,1,0,20240519,20240812
S105419_522,0,0,0,0,0,1,0,20240519,20240812
S105419_390,0,0,0,0,0,1,0,20240519,20240812
S105310_522,0,0,0,0,0,1,0,20240514,20240518
S105310_390,0,0,0,0,0,1,0,20240514,20240518
S105420_388,0,0,0,0,0,1,0,20240519,20240812
S105420_403,0,0,0,0,0,1,0,20240519,20240812
S105420_522,0,0,0,0,0,1,0,20240519,20240812
S105420_390,0,0,0,0,0,1,0,20240519,20240812
S105311_522,0,0,0,0,0,1,0,20240514,20240518
S105311_390,0,0,0,0,0,1,0,20240514,20240518
S105421_388,0,0,0,0,0,1,0,20240519,20240812
S105421_403,0,0,0,0,0,1,0,20240519,20240812
S105421_522,0,0,0,0,0,1,0,20240519,20240812
S105421_390,0,0,0,0,0,1,0,20240519,20240812
S105170_92,0,0,0,0,0,0,1,20240514,20240518
S105170_390,0,0,0,0,0,1,0,20240514,20240518
S105422_388,0,0,0,0,0,1,0,20240519,20240812
S105422_92,0,0,0,0,0,0,1,20240519,20240812
S105422_390,0,0,0,0,0,1,0,20240519,20240812
S105313_522,0,0,0,0,0,1,0,20240514,20240518
S105313_390,0,0,0,0,0,1,0,20240514,20240518
S105423_388,0,0,0,0,0,1,0,20240519,20240812
S105423_403,0,0,0,0,0,1,0,20240519,20240812
S105423_522,0,0,0,0,0,1,0,20240519,20240812
S105423_390,0,0,0,0,0,1,0,20240519,20240812
S105315_92,0,0,0,0,0,0,1,20240514,20240518
S105315_522,0,0,0,0,0,1,0,20240514,20240518
S105315_390,0,0,0,0,0,1,0,20240514,20240518
S105424_388,0,0,0,0,0,1,0,20240519,20240812
S105424_92,0,0,0,0,0,0,1,20240519,20240812
S105424_522,0,0,0,0,0,1,0,20240519,20240812
S105424_390,0,0,0,0,0,1,0,20240519,20240812
S105333_92,0,0,0,0,0,0,1,20240514,20240518
S105425_388,0,0,0,0,0,1,0,20240519,20240812
S105425_92,0,0,0,0,0,0,1,20240519,20240812
S105318_522,0,0,0,0,0,1,0,20240514,20240518
S105318_390,0,0,0,0,0,1,0,20240514,20240518
S105426_388,0,0,0,0,0,1,0,20240519,20240812
S105426_403,0,0,0,0,0,1,0,20240519,20240812
S105426_522,0,0,0,0,0,1,0,20240519,20240812
S105426_390,0,0,0,0,0,1,0,20240519,20240812
S105319_522,0,0,0,0,0,1,0,20240514,20240518
S105319_390,0,0,0,0,0,1,0,20240514,20240518
S105427_388,0,0,0,0,0,1,0,20240519,20240812
S105427_403,0,0,0,0,0,1,0,20240519,20240812
S105427_522,0,0,0,0,0,1,0,20240519,20240812
S105427_390,0,0,0,0,0,1,0,20240519,20240812
S105320_388,0,0,0,0,0,1,0,20240514,20240518
S105320_92,0,0,0,0,0,0,1,20240514,20240518
S105320_403,0,0,0,0,0,1,0,20240514,20240518
S105320_522,0,0,0,0,0,1,0,20240514,20240518
S105320_390,0,0,0,0,0,1,0,20240514,20240518
S105428_388,0,0,0,0,0,1,0,20240519,20240812
S105428_92,0,0,0,0,0,0,1,20240519,20240812
S105428_403,0,0,0,0,0,1,0,20240519,20240812
S105428_522,0,0,0,0,0,1,0,20240519,20240812
S105428_390,0,0,0,0,0,1,0,20240519,20240812
S105321_388,0,0,0,0,0,1,0,20240514,20240518
S105321_403,0,0,0,0,0,1,0,20240514,20240518
S105321_522,0,0,0,0,0,1,0,20240514,20240518
S105321_390,0,0,0,0,0,1,0,20240514,20240518
S105429_388,0,0,0,0,0,1,0,20240519,20240812
S105429_403,0,0,0,0,0,1,0,20240519,20240812
S105429_522,0,0,0,0,0,1,0,20240519,20240812
S105429_390,0,0,0,0,0,1,0,20240519,20240812
S105322_388,0,0,0,0,0,1,0,20240514,20240518
S105322_812,0,0,0,0,0,1,0,20240514,20240518
S105322_92,0,0,0,0,0,0,1,20240514,20240518
S105322_403,0,0,0,0,0,1,0,20240514,20240518
S105322_522,0,0,0,0,0,1,0,20240514,20240518
S105430_388,0,0,0,0,0,1,0,20240519,20240812
S105430_812,0,0,0,0,0,1,0,20240519,20240812
S105430_92,0,0,0,0,0,0,1,20240519,20240812
S105430_522,0,0,0,0,0,1,0,20240519,20240812
S105323_92,0,0,0,0,0,0,1,20240514,20240518
S105323_403,0,0,0,0,0,1,0,20240514,20240518
S105323_522,0,0,0,0,0,1,0,20240514,20240518
S105323_390,0,0,0,0,0,1,0,20240514,20240518
S105431_388,0,0,0,0,0,1,0,20240519,20240812
S105431_92,0,0,0,0,0,0,1,20240519,20240812
S105431_403,0,0,0,0,0,1,0,20240519,20240812
S105431_522,0,0,0,0,0,1,0,20240519,20240812
S105431_390,0,0,0,0,0,1,0,20240519,20240812
S105155_812,0,0,0,0,0,1,0,20240514,20240518
S105432_388,0,0,0,0,0,1,0,20240519,20240812
S105432_812,0,0,0,0,0,1,0,20240519,20240812
S105304_388,0,0,0,0,0,1,0,20240514,20240518
S105304_812,0,0,0,0,0,1,0,20240514,20240518
S105304_522,0,0,0,0,0,1,0,20240514,20240518
S105304_403,0,0,0,0,0,1,0,20240514,20240518
S105304_390,0,0,0,0,0,1,0,20240514,20240518
S105433_812,0,0,0,0,0,1,0,20240519,20240812
S105433_388,0,0,0,0,0,1,0,20240519,20240812
S105433_522,0,0,0,0,0,1,0,20240519,20240812
S105433_390,0,0,0,0,0,1,0,20240519,20240812
S105305_388,0,0,0,0,0,1,0,20240514,20240518
S105305_403,0,0,0,0,0,1,0,20240514,20240518
S105305_522,0,0,0,0,0,1,0,20240514,20240518
S105305_390,0,0,0,0,0,1,0,20240514,20240518
S105434_388,0,0,0,0,0,1,0,20240519,20240812
S105434_403,0,0,0,0,0,1,0,20240519,20240812
S105434_522,0,0,0,0,0,1,0,20240519,20240812
S105434_390,0,0,0,0,0,1,0,20240519,20240812
S105306_388,0,0,0,0,0,1,0,20240514,20240518
S105306_403,0,0,0,0,0,1,0,20240514,20240518
S105306_522,0,0,0,0,0,1,0,20240514,20240518
S105306_390,0,0,0,0,0,1,0,20240514,20240518
S105435_388,0,0,0,0,0,1,0,20240519,20240812
S105435_403,0,0,0,0,0,1,0,20240519,20240812
S105435_522,0,0,0,0,0,1,0,20240519,20240812
S105435_390,0,0,0,0,0,1,0,20240519,20240812
S105172_390,0,0,0,0,0,1,0,20240514,20240518
S105436_388,0,0,0,0,0,1,0,20240519,20240812
S105436_390,0,0,0,0,0,1,0,20240519,20240812
S105214_412,0,0,0,0,0,0,1,20240514,20240518
S105336_412,0,0,0,0,0,0,1,20240519,20240812
S105215_412,0,0,0,0,0,0,1,20240514,20240518
S105337_412,0,0,0,0,0,0,1,20240519,20240812
S105344_473,1,1,1,1,1,0,0,20240519,20240812
S105348_473,1,1,1,1,1,0,0,20240519,20240812
S99684_21,0,0,0,0,0,0,1,20240514,20240518
S99684_32,1,1,1,1,1,0,0,20240514,20240518
S99684_14,0,0,0,0,0,1,0,20240514,20240518
S99684_13,1,1,1,1,1,0,0,20240514,20240518
S105350_21,0,0,0,0,0,0,1,20240519,20240812
S105350_32,1,1,1,1,1,0,0,20240519,20240812
S105350_14,0,0,0,0,0,1,0,20240519,20240812
S105350_13,1,1,1,1,1,0,0,20240519,20240812
S99685_15,1,1,1,1,1,0,0,20240514,20240518
S105351_15,1,1,1,1,1,0,0,20240519,20240812
S99686_15,1,1,1,1,1,0,0,20240514,20240518
S105352_15,1,1,1,1,1,0,0,20240519,20240812
S99687_21,0,0,0,0,0,0,1,20240514,20240518
S99687_32,1,1,1,1,1,0,0,20240514,20240518
S99687_14,0,0,0,0,0,1,0,20240514,20240518
S105353_21,0,0,0,0,0,0,1,20240519,20240812
S105353_32,1,1,1,1,1,0,0,20240519,20240812
S105353_14,0,0,0,0,0,1,0,20240519,20240812
S105252_381,0,0,0,0,0,0,1,20240514,20240518
S105252_391,0,0,0,0,0,1,0,20240514,20240518
S105252_804,0,0,0,0,0,1,0,20240514,20240518
S105252_607,0,0,0,0,0,1,0,20240514,20240518
S105358_381,0,0,0,0,0,0,1,20240519,20240812
S105358_391,0,0,0,0,0,1,0,20240519,20240812
S105358_804,0,0,0,0,0,1,0,20240519,20240812
S105358_607,0,0,0,0,0,1,0,20240519,20240812
S105253_381,0,0,0,0,0,0,1,20240514,20240518
S105253_391,0,0,0,0,0,1,0,20240514,20240518
S105253_804,0,0,0,0,0,1,0,20240514,20240518
S105253_607,0,0,0,0,0,1,0,20240514,20240518
S105359_381,0,0,0,0,0,0,1,20240519,20240812
S105359_391,0,0,0,0,0,1,0,20240519,20240812
S105359_804,0,0,0,0,0,1,0,20240519,20240812
S105359_607,0,0,0,0,0,1,0,20240519,20240812
S105254_381,0,0,0,0,0,0,1,20240514,20240518
S105254_391,0,0,0,0,0,1,0,20240514,20240518
S105254_804,0,0,0,0,0,1,0,20240514,20240518
S105254_607,0,0,0,0,0,1,0,20240514,20240518
S105360_381,0,0,0,0,0,0,1,20240519,20240812
S105360_391,0,0,0,0,0,1,0,20240519,20240812
S105360_804,0,0,0,0,0,1,0,20240519,20240812
S105360_607,0,0,0,0,0,1,0,20240519,20240812
S105255_381,0,0,0,0,0,0,1,20240514,20240518
S105255_391,0,0,0,0,0,1,0,20240514,20240518
S105255_607,0,0,0,0,0,1,0,20240514,20240518
S105255_804,0,0,0,0,0,1,0,20240514,20240518
S105361_381,0,0,0,0,0,0,1,20240519,20240812
S105361_391,0,0,0,0,0,1,0,20240519,20240812
S105361_607,0,0,0,0,0,1,0,20240519,20240812
S105361_804,0,0,0,0,0,1,0,20240519,20240812
S105256_381,0,0,0,0,0,0,1,20240514,20240518
S105256_391,0,0,0,0,0,1,0,20240514,20240518
S105256_804,0,0,0,0,0,1,0,20240514,20240518
S105256_607,0,0,0,0,0,1,0,20240514,20240518
S105362_381,0,0,0,0,0,0,1,20240519,20240812
S105362_391,0,0,0,0,0,1,0,20240519,20240812
S105362_804,0,0,0,0,0,1,0,20240519,20240812
S105362_607,0,0,0,0,0,1,0,20240519,20240812
S105257_381,0,0,0,0,0,0,1,20240514,20240518
S105257_391,0,0,0,0,0,1,0,20240514,20240518
S105257_607,0,0,0,0,0,1,0,20240514,20240518
S105257_804,0,0,0,0,0,1,0,20240514,20240518
S105363_381,0,0,0,0,0,0,1,20240519,20240812
S105363_391,0,0,0,0,0,1,0,20240519,20240812
S105363_607,0,0,0,0,0,1,0,20240519,20240812
S105363_804,0,0,0,0,0,1,0,20240519,20240812
S105258_381,0,0,0,0,0,0,1,20240514,20240518
S105258_391,0,0,0,0,0,1,0,20240514,20240518
S105258_804,0,0,0,0,0,1,0,20240514,20240518
S105258_607,0,0,0,0,0,1,0,20240514,20240518
S105364_381,0,0,0,0,0,0,1,20240519,20240812
S105364_391,0,0,0,0,0,1,0,20240519,20240812
S105364_804,0,0,0,0,0,1,0,20240519,20240812
S105364_607,0,0,0,0,0,1,0,20240519,20240812
S105259_381,0,0,0,0,0,0,1,20240514,20240518
S105259_391,0,0,0,0,0,1,0,20240514,20240518
S105259_804,0,0,0,0,0,1,0,20240514,20240518
S105259_607,0,0,0,0,0,1,0,20240514,20240518
S105365_381,0,0,0,0,0,0,1,20240519,20240812
S105365_391,0,0,0,0,0,1,0,20240519,20240812
S105365_804,0,0,0,0,0,1,0,20240519,20240812
S105365_607,0,0,0,0,0,1,0,20240519,20240812
S105250_381,0,0,0,0,0,0,1,20240514,20240518
S105250_391,0,0,0,0,0,1,0,20240514,20240518
S105250_607,0,0,0,0,0,1,0,20240514,20240518
S105250_804,0,0,0,0,0,1,0,20240514,20240518
S105338_381,0,0,0,0,0,0,1,20240519,20240812
S105338_391,0,0,0,0,0,1,0,20240519,20240812
S105338_607,0,0,0,0,0,1,0,20240519,20240812
S105338_804,0,0,0,0,0,1,0,20240519,20240812
S105251_381,0,0,0,0,0,0,1,20240514,20240518
S105251_391,0,0,0,0,0,1,0,20240514,20240518
S105251_607,0,0,0,0,0,1,0,20240514,20240518
S105251_804,0,0,0,0,0,1,0,20240514,20240518
S105339_381,0,0,0,0,0,0,1,20240519,20240812
S105339_391,0,0,0,0,0,1,0,20240519,20240812
S105339_607,0,0,0,0,0,1,0,20240519,20240812
S105339_804,0,0,0,0,0,1,0,20240519,20240812
S105342_412,0,0,0,0,0,0,1,20240519,20240812
S105340_412,0,0,0,0,0,0,1,20240519,20240812
S105341_412,0,0,0,0,0,0,1,20240519,20240812
S105262_381,0,0,0,0,0,0,1,20240514,20240518
S105262_391,0,0,0,0,0,1,0,20240514,20240518
S105262_804,0,0,0,0,0,1,0,20240514,20240518
S105262_607,0,0,0,0,0,1,0,20240514,20240518
S105399_381,0,0,0,0,0,0,1,20240519,20240812
S105399_391,0,0,0,0,0,1,0,20240519,20240812
S105399_804,0,0,0,0,0,1,0,20240519,20240812
S105399_607,0,0,0,0,0,1,0,20240519,20240812
S105290_522,0,0,0,0,0,1,0,20240514,20240518
S105290_403,0,0,0,0,0,1,0,20240514,20240518
S105290_390,0,0,0,0,0,1,0,20240514,20240518
S105402_388,0,0,0,0,0,1,0,20240519,20240812
S105402_403,0,0,0,0,0,1,0,20240519,20240812
S105402_522,0,0,0,0,0,1,0,20240519,20240812
S105402_390,0,0,0,0,0,1,0,20240519,20240812
S105291_522,0,0,0,0,0,1,0,20240514,20240518
S105291_403,0,0,0,0,0,1,0,20240514,20240518
S105291_390,0,0,0,0,0,1,0,20240514,20240518
S105403_388,0,0,0,0,0,1,0,20240519,20240812
S105403_403,0,0,0,0,0,1,0,20240519,20240812
S105403_522,0,0,0,0,0,1,0,20240519,20240812
S105403_390,0,0,0,0,0,1,0,20240519,20240812
S105292_522,0,0,0,0,0,1,0,20240514,20240518
S105292_403,0,0,0,0,0,1,0,20240514,20240518
S105292_390,0,0,0,0,0,1,0,20240514,20240518
S105404_388,0,0,0,0,0,1,0,20240519,20240812
S105404_403,0,0,0,0,0,1,0,20240519,20240812
S105404_522,0,0,0,0,0,1,0,20240519,20240812
S105404_390,0,0,0,0,0,1,0,20240519,20240812
S105293_522,0,0,0,0,0,1,0,20240514,20240518
S105293_403,0,0,0,0,0,1,0,20240514,20240518
S105293_390,0,0,0,0,0,1,0,20240514,20240518
S105405_388,0,0,0,0,0,1,0,20240519,20240812
S105405_403,0,0,0,0,0,1,0,20240519,20240812
S105405_522,0,0,0,0,0,1,0,20240519,20240812
S105405_390,0,0,0,0,0,1,0,20240519,20240812
S105294_522,0,0,0,0,0,1,0,20240514,20240518
S105406_388,0,0,0,0,0,1,0,20240519,20240812
S105406_522,0,0,0,0,0,1,0,20240519,20240812
S105295_522,0,0,0,0,0,1,0,20240514,20240518
S105407_388,0,0,0,0,0,1,0,20240519,20240812
S105407_522,0,0,0,0,0,1,0,20240519,20240812
S105296_522,0,0,0,0,0,1,0,20240514,20240518
S105296_403,0,0,0,0,0,1,0,20240514,20240518
S105296_390,0,0,0,0,0,1,0,20240514,20240518
S105408_388,0,0,0,0,0,1,0,20240519,20240812
S105408_403,0,0,0,0,0,1,0,20240519,20240812
S105408_522,0,0,0,0,0,1,0,20240519,20240812
S105408_390,0,0,0,0,0,1,0,20240519,20240812
S105297_403,0,0,0,0,0,1,0,20240514,20240518
S105297_522,0,0,0,0,0,1,0,20240514,20240518
S105297_390,0,0,0,0,0,1,0,20240514,20240518
S105410_388,0,0,0,0,0,1,0,20240519,20240812
S105410_403,0,0,0,0,0,1,0,20240519,20240812
S105410_522,0,0,0,0,0,1,0,20240519,20240812
S105410_390,0,0,0,0,0,1,0,20240519,20240812
S105298_522,0,0,0,0,0,1,0,20240514,20240518
S105298_403,0,0,0,0,0,1,0,20240514,20240518
S105298_390,0,0,0,0,0,1,0,20240514,20240518
S105411_388,0,0,0,0,0,1,0,20240519,20240812
S105411_403,0,0,0,0,0,1,0,20240519,20240812
S105411_522,0,0,0,0,0,1,0,20240519,20240812
S105411_390,0,0,0,0,0,1,0,20240519,20240812
S105299_522,0,0,0,0,0,1,0,20240514,20240518
S105299_403,0,0,0,0,0,1,0,20240514,20240518
S105412_388,0,0,0,0,0,1,0,20240519,20240812
S105412_403,0,0,0,0,0,1,0,20240519,20240812
S105412_522,0,0,0,0,0,1,0,20240519,20240812
S105300_522,0,0,0,0,0,1,0,20240514,20240518
S105300_403,0,0,0,0,0,1,0,20240514,20240518
S105300_390,0,0,0,0,0,1,0,20240514,20240518
S105413_388,0,0,0,0,0,1,0,20240519,20240812
S105413_403,0,0,0,0,0,1,0,20240519,20240812
S105413_522,0,0,0,0,0,1,0,20240519,20240812
S105413_390,0,0,0,0,0,1,0,20240519,20240812
S105301_812,0,0,0,0,0,1,0,20240514,20240518
S105301_522,0,0,0,0,0,1,0,20240514,20240518
S105301_403,0,0,0,0,0,1,0,20240514,20240518
S105301_390,0,0,0,0,0,1,0,20240514,20240518
S105414_388,0,0,0,0,0,1,0,20240519,20240812
S105414_812,0,0,0,0,0,1,0,20240519,20240812
S105414_403,0,0,0,0,0,1,0,20240519,20240812
S105414_522,0,0,0,0,0,1,0,20240519,20240812
S105414_390,0,0,0,0,0,1,0,20240519,20240812
S105302_388,0,0,0,0,0,1,0,20240514,20240518
S105302_403,0,0,0,0,0,1,0,20240514,20240518
S105302_522,0,0,0,0,0,1,0,20240514,20240518
S105302_390,0,0,0,0,0,1,0,20240514,20240518
S105415_388,0,0,0,0,0,1,0,20240519,20240812
S105415_403,0,0,0,0,0,1,0,20240519,20240812
S105415_522,0,0,0,0,0,1,0,20240519,20240812
S105415_390,0,0,0,0,0,1,0,20240519,20240812
S105303_522,0,0,0,0,0,1,0,20240514,20240518
S105303_390,0,0,0,0,0,1,0,20240514,20240518
S105416_388,0,0,0,0,0,1,0,20240519,20240812
S105416_403,0,0,0,0,0,1,0,20240519,20240812
S105416_522,0,0,0,0,0,1,0,20240519,20240812
S105416_390,0,0,0,0,0,1,0,20240519,20240812
S105307_388,0,0,0,0,0,1,0,20240514,20240518
S105307_812,0,0,0,0,0,1,0,20240514,20240518
S105307_403,0,0,0,0,0,1,0,20240514,20240518
S105307_522,0,0,0,0,0,1,0,20240514,20240518
S105307_390,0,0,0,0,0,1,0,20240514,20240518
S105417_388,0,0,0,0,0,1,0,20240519,20240812
S105417_812,0,0,0,0,0,1,0,20240519,20240812
S105417_403,0,0,0,0,0,1,0,20240519,20240812
S105417_522,0,0,0,0,0,1,0,20240519,20240812
S105417_390,0,0,0,0,0,1,0,20240519,20240812
S105308_388,0,0,0,0,0,1,0,20240514,20240518
S105308_522,0,0,0,0,0,1,0,20240514,20240518
S105308_403,0,0,0,0,0,1,0,20240514,20240518
S105308_390,0,0,0,0,0,1,0,20240514,20240518
S105418_388,0,0,0,0,0,1,0,20240519,20240812
S105418_522,0,0,0,0,0,1,0,20240519,20240812
S105418_390,0,0,0,0,0,1,0,20240519,20240812
S104837_403,0,0,0,0,0,1,0,20240514,20240518
S104840_403,0,0,0,0,0,1,0,20240514,20240518
S105162_812,0,0,0,0,0,1,0,20240514,20240518
S105162_388,0,0,0,0,0,1,0,20240514,20240518
S105162_403,0,0,0,0,0,1,0,20240514,20240518
S105162_390,0,0,0,0,0,1,0,20240514,20240518
S105438_812,0,0,0,0,0,1,0,20240519,20240812
S105438_403,0,0,0,0,0,1,0,20240519,20240812
S105438_390,0,0,0,0,0,1,0,20240519,20240812
S105038_388,0,0,0,0,0,1,0,20240514,20240518
S105182_388,0,0,0,0,0,1,0,20240514,20240518
S105182_403,0,0,0,0,0,1,0,20240514,20240518
S105182_390,0,0,0,0,0,1,0,20240514,20240518
S105440_403,0,0,0,0,0,1,0,20240519,20240812
S105440_390,0,0,0,0,0,1,0,20240519,20240812
S105325_388,0,0,0,0,0,1,0,20240514,20240518
S105325_403,0,0,0,0,0,1,0,20240514,20240518
S105325_390,0,0,0,0,0,1,0,20240514,20240518
S105441_403,0,0,0,0,0,1,0,20240519,20240812
S105441_390,0,0,0,0,0,1,0,20240519,20240812
S105447_403,0,0,0,0,0,1,0,20240519,20240812
S105317_522,0,0,0,0,0,1,0,20240514,20240518
S105448_403,0,0,0,0,0,1,0,20240519,20240812
S105448_522,0,0,0,0,0,1,0,20240519,20240812
S105181_403,0,0,0,0,0,1,0,20240514,20240518
S105181_390,0,0,0,0,0,1,0,20240514,20240518
S105450_403,0,0,0,0,0,1,0,20240519,20240812
S105450_390,0,0,0,0,0,1,0,20240519,20240812
S105188_403,0,0,0,0,0,1,0,20240514,20240518
S105188_390,0,0,0,0,0,1,0,20240514,20240518
S105451_403,0,0,0,0,0,1,0,20240519,20240812
S105451_390,0,0,0,0,0,1,0,20240519,20240812
S104518_403,0,0,0,0,0,1,0,20240514,20240518
S105409_388,0,0,0,0,0,1,0,20240519,20240812
S105409_403,0,0,0,0,0,1,0,20240519,20240812
S104162_388,0,0,0,0,0,1,0,20240514,20240518
S105449_403,0,0,0,0,0,1,0,20240519,20240812
S105452_403,0,0,0,0,0,1,0,20240519,20240812
T1779423,1,1,1,1,1,0,0,20240514,20240812
T1779424,1,1,1,1,1,0,0,20240514,20240812
T1779426,1,1,1,1,1,0,0,20240514,20240812
T1779436,1,1,1,1,1,0,0,20240514,20240812
T1779438,1,1,1,1,1,0,0,20240514,20240812
T3272450,0,0,0,0,0,0,1,20240514,20240812
T3272451,0,0,0,0,0,0,1,20240514,20240812
T3272452,0,0,0,0,0,0,1,20240514,20240812
T3272453,0,0,0,0,0,0,1,20240514,20240812
T3272454,0,0,0,0,0,0,1,20240514,20240812
T3969426,0,0,0,0,0,0,1,20240514,20240812
T3969476,1,1,1,1,1,0,0,20240514,20240812
T3969499,1,1,1,1,1,0,0,20240514,20240812
T3969506,1,1,1,1,1,0,0,20240514,20240812
T3969514,1,1,1,1,1,0,0,20240514,20240812
T3969529,1,1,1,1,1,0,0,20240514,20240812
T3969538,1,1,1,1,1,0,0,20240514,20240812
T3969553,1,1,1,1,1,0,0,20240514,20240812
T3969575,1,1,1,1,1,0,0,20240514,20240812
T3969582,1,1,1,1,1,0,0,20240514,20240812
T3969583,1,1,1,1,1,0,0,20240514,20240812
T3969590,1,1,1,1,1,0,0,20240514,20240812
T3969605,1,1,1,1,1,0,0,20240514,20240812
T3969614,1,1,1,1,1,0,0,20240514,20240812
T3969615,1,1,1,1,1,0,0,20240514,20240812
T4148318,1,1,1,1,1,0,0,20240514,20240812
T4148319,1,1,1,1,1,0,0,20240514,20240812
T4536804,0,0,0,0,0,0,1,20240514,20240812
T4606068,1,1,1,1,1,0,0,20240514,20240812
T4606073,1,1,1,1,1,0,0,20240514,20240812
T4606074,1,1,1,1,1,0,0,20240514,20240812
T4606090,1,1,1,1,1,0,0,20240514,20240812
T4606091,1,1,1,1,1,0,0,20240514,20240812
T4606106,1,1,1,1,1,0,0,20240514,20240812
T4606113,1,1,1,1,1,0,0,20240514,20240812
T4606114,1,1,1,1,1,0,0,20240514,20240812
T4606130,1,1,1,1,1,0,0,20240514,20240812
T4606137,1,1,1,1,1,0,0,20240514,20240812
T4606138,1,1,1,1,1,0,0,20240514,20240812
T4606157,0,0,0,0,0,1,0,20240514,20240812
T4606174,0,0,0,0,0,1,0,20240514,20240812
T4606179,0,0,0,0,0,1,0,20240514,20240812
T4606186,0,0,0,0,0,1,0,20240514,20240812
T4606197,0,0,0,0,0,1,0,20240514,20240812
T4606203,0,0,0,0,0,1,0,20240514,20240812
T4606211,0,0,0,0,0,1,0,20240514,20240812
T4606217,0,0,0,0,0,1,0,20240514,20240812
T4606224,0,0,0,0,0,0,1,20240514,20240812
T4606233,0,0,0,0,0,0,1,20240514,20240812
T4606238,0,0,0,0,0,0,1,20240514,20240812
T4606245,0,0,0,0,0,0,1,20240514,20240812
T4606256,0,0,0,0,0,0,1,20240514,20240812
T4606262,0,0,0,0,0,0,1,20240514,20240812
T4606269,0,0,0,0,0,0,1,20240514,20240812
T4606274,0,0,0,0,0,0,1,20240514,20240812
T4606287,1,1,1,1,1,0,0,20240514,20240812
T4606293,1,1,1,1,1,0,0,20240514,20240812
T4606304,1,1,1,1,1,0,0,20240514,20240812
T4606312,1,1,1,1,1,0,0,20240514,20240812
T4606319,1,1,1,1,1,0,0,20240514,20240812
T4606320,1,1,1,1,1,0,0,20240514,20240812
T4606327,1,1,1,1,1,0,0,20240514,20240812
T4606328,1,1,1,1,1,0,0,20240514,20240812
T4606342,1,1,1,1,1,0,0,20240514,20240812
T4606343,1,1,1,1,1,0,0,20240514,20240812
T4606352,1,1,1,1,1,0,0,20240514,20240812
T4606353,1,1,1,1,1,0,0,20240514,20240812
T4606397,0,0,0,0,0,1,0,20240514,20240812
T4606406,0,0,0,0,0,1,0,20240514,20240812
T4606418,0,0,0,0,0,1,0,20240514,20240812
T4606424,0,0,0,0,0,1,0,20240514,20240812
T4606430,0,0,0,0,0,1,0,20240514,20240812
T4606437,0,0,0,0,0,1,0,20240514,20240812
T4606443,0,0,0,0,0,1,0,20240514,20240812
T4606450,0,0,0,0,0,1,0,20240514,20240812
T4606457,0,0,0,0,0,1,0,20240514,20240812
T4606464,0,0,0,0,0,0,1,20240514,20240812
T4606470,0,0,0,0,0,0,1,20240514,20240812
T4606477,0,0,0,0,0,0,1,20240514,20240812
T4606489,0,0,0,0,0,0,1,20240514,20240812
T4606501,0,0,0,0,0,0,1,20240514,20240812
T4606507,0,0,0,0,0,0,1,20240514,20240812
T4606513,0,0,0,0,0,0,1,20240514,20240812
T4606519,0,0,0,0,0,0,1,20240514,20240812
T4606520,1,1,1,1,1,0,0,20240514,20240812
T4606539,1,1,1,1,1,0,0,20240514,20240812
T4606540,1,1,1,1,1,0,0,20240514,20240812
T4606551,1,1,1,1,1,0,0,20240514,20240812
T4606562,1,1,1,1,1,0,0,20240514,20240812
T4606563,1,1,1,1,1,0,0,20240514,20240812
T4606574,1,1,1,1,1,0,0,20240514,20240812
T4606575,1,1,1,1,1,0,0,20240514,20240812
T4606580,1,1,1,1,1,0,0,20240514,20240812
T4606581,1,1,1,1,1,0,0,20240514,20240812
T4606586,1,1,1,1,1,0,0,20240514,20240812
T4606599,0,0,0,0,0,1,0,20240514,20240812
T4606607,0,0,0,0,0,1,0,20240514,20240812
T4606617,0,0,0,0,0,1,0,20240514,20240812
T4606618,0,0,0,0,0,1,0,20240514,20240812
T4606625,0,0,0,0,0,1,0,20240514,20240812
T4606632,0,0,0,0,0,1,0,20240514,20240812
T4606641,0,0,0,0,0,1,0,20240514,20240812
T4606651,0,0,0,0,0,1,0,20240514,20240812
T4606693,0,0,0,0,0,0,1,20240514,20240812
T4606700,0,0,0,0,0,0,1,20240514,20240812
T4606707,0,0,0,0,0,0,1,20240514,20240812
T4606717,0,0,0,0,0,0,1,20240514,20240812
T4606725,0,0,0,0,0,0,1,20240514,20240812
T4606733,0,0,0,0,0,0,1,20240514,20240812
T4606741,0,0,0,0,0,0,1,20240514,20240812
T4606742,0,0,0,0,0,0,1,20240514,20240812
T4606777,1,1,1,1,1,0,0,20240514,20240812
T4606778,1,1,1,1,1,0,0,20240514,20240812
T4606801,1,1,1,1,1,0,0,20240514,20240812
T4606802,1,1,1,1,1,0,0,20240514,20240812
T4606812,1,1,1,1,1,0,0,20240514,20240812
T4606813,1,1,1,1,1,0,0,20240514,20240812
T4606818,1,1,1,1,1,0,0,20240514,20240812
T4606819,1,1,1,1,1,0,0,20240514,20240812
T4606820,1,1,1,1,1,0,0,20240514,20240812
T4606825,1,1,1,1,1,0,0,20240514,20240812
T4606829,1,1,1,1,1,0,0,20240514,20240812
T4606838,0,0,0,0,0,1,0,20240514,20240812
T4606845,0,0,0,0,0,1,0,20240514,20240812
T4606846,0,0,0,0,0,1,0,20240514,20240812
T4606856,0,0,0,0,0,1,0,20240514,20240812
T4606863,0,0,0,0,0,1,0,20240514,20240812
T4606871,0,0,0,0,0,1,0,20240514,20240812
T4606880,0,0,0,0,0,1,0,20240514,20240812
T4606889,0,0,0,0,0,1,0,20240514,20240812
T4606931,0,0,0,0,0,0,1,20240514,20240812
T4606938,0,0,0,0,0,0,1,20240514,20240812
T4606945,0,0,0,0,0,0,1,20240514,20240812
T4606946,0,0,0,0,0,0,1,20240514,20240812
T4606955,0,0,0,0,0,0,1,20240514,20240812
T4606970,0,0,0,0,0,0,1,20240514,20240812
T4606971,0,0,0,0,0,0,1,20240514,20240812
T4606979,0,0,0,0,0,0,1,20240514,20240812
T4606981,1,1,1,1,1,0,0,20240514,20240812
T4606982,1,1,1,1,1,0,0,20240514,20240812
T4606983,1,1,1,1,1,0,0,20240514,20240812
T4606994,0,0,0,0,0,0,1,20240514,20240812
