from_stop_id, to_stop_id, transfer_type, min_transfer_time
99011,99012,2,179
99011,99013,2,179
99011,99014,2,179
99012,99013,2,59
99012,99011,2,179
99012,99014,2,179
99013,99012,2,59
99013,99011,2,179
99013,99014,2,179
99014,99013,2,179
99014,99012,2,179
99014,99011,2,179
28524,28525,2,59
28524,28526,2,59
28524,28527,2,119
28524,28528,2,239
28524,28529,2,239
28525,28524,2,59
28525,28526,2,59
28525,28527,2,59
28525,28528,2,239
28525,28529,2,239
28526,28524,2,59
28526,28525,2,59
12202,12209,2,239
27751,27751,2,0
17511,17511,2,0
12199,12209,2,239
12198,12209,2,239
12197,12209,2,239
28526,28527,2,59
12195,12209,2,239
28526,28528,2,239
28526,28529,2,239
28527,28524,2,119
28527,28525,2,59
28527,28526,2,59
28527,28528,2,179
28527,28529,2,179
28528,28524,2,239
28528,28525,2,239
28528,28526,2,239
28528,28527,2,179
28528,28529,2,59
28529,28524,2,239
28529,28525,2,239
28529,28526,2,239
28529,28527,2,179
28529,28528,2,59
12223,12207,2,239
12224,12207,2,239
12225,12207,2,239
12226,12207,2,239
12227,12207,2,239
12228,12207,2,239
12221,12207,2,239
12218,12207,2,239
12217,12207,2,239
12216,12207,2,239
12214,12207,2,239
12213,12207,2,239
12212,12207,2,239
12211,12207,2,239
12210,12207,2,239
12209,12207,2,239
12199,12207,2,239
12198,12207,2,239
12197,12207,2,239
11358,11359,2,59
12195,12207,2,239
12223,12206,2,239
12224,12206,2,239
12225,12206,2,239
12226,12206,2,239
12227,12206,2,239
12228,12206,2,239
12221,12206,2,239
12218,12206,2,239
12217,12206,2,239
12216,12206,2,239
12214,12206,2,239
12213,12206,2,239
12212,12206,2,239
12211,12206,2,239
12210,12206,2,239
12209,12206,2,239
11358,11360,2,59
12199,12206,2,239
12198,12206,2,239
12197,12206,2,239
11358,11361,2,59
12195,12206,2,239
12223,12205,2,239
12224,12205,2,239
12225,12205,2,239
12226,12205,2,239
12227,12205,2,239
12228,12205,2,239
12221,12205,2,239
12218,12205,2,239
12217,12205,2,239
12216,12205,2,239
12214,12205,2,239
12213,12205,2,239
12212,12205,2,239
12211,12205,2,239
12210,12205,2,239
12209,12205,2,239
11358,11362,2,119
12199,12205,2,239
12198,12205,2,239
12197,12205,2,239
11358,11363,2,59
12195,12205,2,239
12223,12204,2,239
12224,12204,2,239
12225,12204,2,239
12226,12204,2,239
12227,12204,2,239
12228,12204,2,239
12221,12204,2,239
12218,12204,2,239
12217,12204,2,239
12216,12204,2,239
12214,12204,2,239
12213,12204,2,239
12212,12204,2,239
12211,12204,2,239
12210,12204,2,239
12209,12204,2,239
11358,11364,2,119
12199,12204,2,239
12198,12204,2,239
12197,12204,2,239
11358,11365,2,119
12195,12204,2,239
12223,12203,2,239
12224,12203,2,239
12225,12203,2,239
12226,12203,2,239
12227,12203,2,239
12228,12203,2,239
12221,12203,2,239
12218,12203,2,239
12217,12203,2,239
12216,12203,2,239
12214,12203,2,239
12213,12203,2,239
12212,12203,2,239
12211,12203,2,239
12210,12203,2,239
12209,12203,2,239
11358,11366,2,59
12199,12203,2,239
12198,12203,2,239
12197,12203,2,239
11359,11358,2,59
12195,12203,2,239
12223,12202,2,239
12224,12202,2,239
12225,12202,2,239
12226,12202,2,239
12227,12202,2,239
12228,12202,2,239
12221,12202,2,239
12218,12202,2,239
12217,12202,2,239
12216,12202,2,239
12214,12202,2,239
12213,12202,2,239
12212,12202,2,239
12211,12202,2,239
12210,12202,2,239
12209,12202,2,239
11359,11360,2,59
12199,12202,2,239
12198,12202,2,239
12197,12202,2,239
11359,11361,2,119
12195,12202,2,239
11359,11362,2,119
11359,11363,2,59
11359,11364,2,119
11359,11365,2,119
11359,11366,2,119
11360,11358,2,59
11360,11359,2,59
11360,11361,2,59
11360,11362,2,59
11360,11363,2,59
11360,11364,2,59
11360,11365,2,119
11360,11366,2,119
11361,11358,2,119
11361,11359,2,119
11361,11360,2,59
11362,11358,2,119
11362,11359,2,119
11362,11360,2,59
11363,11358,2,59
11363,11359,2,59
11363,11360,2,59
11364,11358,2,119
10119,10118,2,59
10119,10122,2,59
10119,10121,2,59
10119,10090,2,179
10119,10089,2,179
10118,10119,2,59
10118,10122,2,59
10118,10121,2,59
10118,10090,2,179
10118,10089,2,179
10122,10119,2,59
10122,10118,2,59
10122,10121,2,59
10122,10090,2,239
10122,10089,2,239
10121,10119,2,59
10121,10118,2,59
10121,10122,2,59
10121,10090,2,179
10121,10089,2,179
10090,10089,2,59
10090,10119,2,179
10090,10118,2,179
10090,10122,2,239
11364,11359,2,119
6,6,2,180
39,39,2,180
43,43,2,180
73,73,2,239
14507,10140,2,239
82,82,2,180
83,83,2,180
84,84,2,180
14507,10070,2,180
86,86,2,180
87,87,2,180
88,88,2,180
89,89,2,180
90,90,2,180
91,91,2,180
92,92,2,180
93,93,2,180
94,94,2,180
95,95,2,180
98,98,2,180
100,100,2,180
101,101,2,180
102,102,2,180
133,133,2,180
97,97,2,180
14507,10141,2,239
14507,10142,2,239
14507,10143,2,239
12223,12199,2,239
12224,12199,2,239
12225,12199,2,239
12226,12199,2,239
12227,12199,2,239
12228,12199,2,239
12221,12199,2,239
10140,10070,2,180
10140,10141,2,120
12218,12199,2,239
12217,12199,2,239
12216,12199,2,239
12214,12199,2,239
12213,12199,2,239
12212,12199,2,239
12211,12199,2,239
12210,12199,2,239
12209,12199,2,239
12207,12199,2,239
12206,12199,2,239
12205,12199,2,239
12204,12199,2,239
12203,12199,2,239
12202,12199,2,239
10140,10142,2,120
12223,12198,2,239
12224,12198,2,239
12225,12198,2,239
12226,12198,2,239
12227,12198,2,239
12228,12198,2,239
12221,12198,2,239
10140,10143,2,120
10140,14507,2,239
12218,12198,2,239
12217,12198,2,239
12216,12198,2,239
12214,12198,2,239
12213,12198,2,239
12212,12198,2,239
12211,12198,2,239
12210,12198,2,239
12209,12198,2,239
12207,12198,2,239
12206,12198,2,239
12205,12198,2,239
12204,12198,2,239
12203,12198,2,239
12202,12198,2,239
10070,10140,2,180
12223,12197,2,239
12224,12197,2,239
12225,12197,2,239
12226,12197,2,239
12227,12197,2,239
12228,12197,2,239
12221,12197,2,239
10070,14507,2,180
10070,10141,2,180
12218,12197,2,239
12217,12197,2,239
12216,12197,2,239
12214,12197,2,239
12213,12197,2,239
12212,12197,2,239
12211,12197,2,239
12210,12197,2,239
12209,12197,2,239
12207,12197,2,239
12206,12197,2,239
12205,12197,2,239
12204,12197,2,239
12203,12197,2,239
12202,12197,2,239
10070,10142,2,180
10070,10143,2,180
10141,10140,2,120
10141,10070,2,180
12223,12195,2,239
12224,12195,2,239
12225,12195,2,239
12226,12195,2,239
12227,12195,2,239
12228,12195,2,239
12221,12195,2,239
10141,14507,2,239
10141,10142,2,120
12218,12195,2,239
12217,12195,2,239
12216,12195,2,239
12214,12195,2,239
12213,12195,2,239
12212,12195,2,239
12211,12195,2,239
12210,12195,2,239
12209,12195,2,239
12207,12195,2,239
12206,12195,2,239
12205,12195,2,239
12204,12195,2,239
12203,12195,2,239
12202,12195,2,239
10141,10143,2,120
10142,10140,2,120
10142,10070,2,180
10142,10141,2,120
10142,14507,2,239
10142,10143,2,120
10143,10140,2,120
10143,10070,2,180
10143,10141,2,120
10143,10142,2,120
10143,14507,2,239
27092,27180,2,179
27092,27181,2,179
27092,27182,2,179
27092,27183,2,179
27092,27184,2,179
27092,27185,2,179
27092,27171,2,179
27092,27172,2,179
27092,27173,2,179
27092,27174,2,179
27092,27175,2,179
27092,27179,2,239
27092,27176,2,239
27092,27177,2,239
27092,27178,2,239
27171,27092,2,179
27171,27179,2,179
136,135,2,299
135,136,2,299
27171,27180,2,179
27171,27181,2,179
27171,27182,2,179
27171,27183,2,179
27171,27184,2,179
27171,27185,2,179
27171,27172,2,179
27171,27173,2,179
27171,27174,2,179
27171,27175,2,179
27171,27176,2,239
27171,27177,2,239
27171,27178,2,239
27172,27092,2,179
27172,27179,2,179
27172,27180,2,179
27172,27181,2,179
27172,27182,2,179
27172,27183,2,179
27172,27184,2,179
27172,27185,2,179
27172,27171,2,179
27172,27173,2,179
27172,27174,2,179
27172,27175,2,179
27172,27176,2,179
27172,27177,2,179
27172,27178,2,179
27173,27092,2,179
27173,27179,2,179
27173,27180,2,179
27173,27181,2,179
27173,27182,2,179
27173,27183,2,179
27173,27184,2,179
27173,27185,2,179
27173,27171,2,179
27173,27172,2,179
27173,27174,2,179
27173,27175,2,179
27173,27176,2,179
27173,27177,2,179
27173,27178,2,179
27174,27092,2,179
27174,27179,2,179
27174,27180,2,179
27174,27181,2,179
27174,27182,2,179
27174,27183,2,179
27174,27184,2,179
27174,27185,2,179
27174,27171,2,179
27174,27172,2,179
27174,27173,2,179
27174,27175,2,179
27174,27176,2,179
27174,27177,2,179
27174,27178,2,179
27175,27092,2,179
27175,27179,2,179
27175,27180,2,179
27175,27181,2,179
27175,27182,2,179
27175,27183,2,179
27175,27184,2,179
27175,27185,2,179
27175,27171,2,179
27175,27172,2,179
27175,27173,2,179
27175,27174,2,179
27175,27176,2,179
27175,27177,2,179
27175,27178,2,179
27176,27179,2,179
27176,27180,2,179
27176,27181,2,179
27176,27182,2,179
27176,27183,2,179
27176,27172,2,179
27176,27173,2,179
27176,27174,2,179
27176,27175,2,179
27176,27177,2,179
27176,27178,2,179
27176,27092,2,239
85,85,2,120
10071,27676,2,59
27676,10071,2,59
99009,99906,2,239
99009,99007,2,239
99009,99005,2,299
99009,99004,2,299
10138,10139,2,59
10139,10138,2,59
99908,99906,2,239
99908,99007,2,239
99908,99005,2,239
99908,99004,2,239
12221,12200,2,239
12219,12210,2,239
12219,12209,2,239
12219,12223,2,239
12219,12224,2,239
12219,12225,2,239
99906,99009,2,239
99906,99908,2,239
99906,99005,2,239
99906,99004,2,239
12219,12226,2,239
99007,99009,2,239
99007,99908,2,239
99007,99005,2,239
99007,99004,2,239
12219,12227,2,239
12219,12228,2,239
99005,99906,2,239
99005,99007,2,239
99005,99009,2,239
99005,99908,2,239
12219,28068,2,239
99004,99906,2,239
99004,99007,2,239
99004,99009,2,239
99004,99908,2,239
12219,12214,2,239
12219,12213,2,239
12219,12212,2,239
12219,12211,2,239
12219,12208,2,239
12219,12207,2,239
12219,12206,2,239
12219,12205,2,239
12219,12204,2,239
12219,12203,2,239
12219,12202,2,239
12219,12200,2,239
12219,12199,2,239
12219,12198,2,239
12219,12197,2,239
12219,12195,2,239
12218,12208,2,239
12218,12200,2,239
12217,12208,2,239
12217,12200,2,239
12216,12208,2,239
12216,12200,2,239
12214,12200,2,239
12213,12200,2,239
12212,12200,2,239
12211,12200,2,239
12208,12223,2,239
12208,12224,2,239
12208,12225,2,239
12208,12226,2,239
12208,12227,2,239
12208,12228,2,239
12208,28068,2,239
12208,12221,2,239
12208,12219,2,239
12208,12218,2,239
12208,12217,2,239
12208,12216,2,239
12208,12207,2,239
12208,12206,2,239
12208,12205,2,239
12208,12204,2,239
12208,12203,2,239
12208,12202,2,239
12208,12200,2,239
12208,12199,2,239
12208,12198,2,239
12208,12197,2,239
12208,12195,2,239
12207,12208,2,239
12207,12200,2,239
12206,12208,2,239
11968,11969,2,239
11968,23845,2,119
11968,23846,2,179
11968,99631,2,179
11968,99632,2,179
11969,11968,2,239
11969,23845,2,299
11969,23846,2,119
11969,99631,2,239
11969,99632,2,239
23845,11968,2,119
23845,11969,2,299
23845,23846,2,179
23845,99631,2,179
23845,99632,2,179
23846,11968,2,179
23846,11969,2,119
23846,23845,2,179
23846,99631,2,179
23846,99632,2,179
99631,11968,2,179
99631,11969,2,239
99631,23845,2,179
99631,23846,2,179
99632,11968,2,179
99632,11969,2,239
99632,23845,2,179
99632,23846,2,179
27176,27171,2,239
27176,27184,2,179
27176,27185,2,239
27177,27179,2,179
27177,27180,2,179
27177,27181,2,179
27177,27182,2,179
27177,27183,2,179
27177,27172,2,179
27177,27173,2,179
27177,27174,2,179
27177,27175,2,179
27177,27176,2,179
27177,27178,2,179
27177,27092,2,239
27177,27184,2,239
27177,27185,2,239
27177,27171,2,239
27178,27179,2,179
27178,27180,2,179
27178,27181,2,179
27178,27182,2,179
27178,27183,2,179
27178,27172,2,179
27178,27173,2,179
27178,27174,2,179
27178,27175,2,179
27178,27176,2,179
27178,27177,2,179
27178,27092,2,239
27178,27184,2,239
27178,27185,2,239
27178,27171,2,239
27179,27180,2,179
27179,27181,2,179
27179,27182,2,179
27179,27183,2,179
27179,27184,2,179
27179,27171,2,179
27179,27172,2,179
27179,27173,2,179
27179,27174,2,179
27179,27175,2,179
27179,27176,2,179
27179,27177,2,179
27179,27178,2,179
27179,27092,2,239
27179,27185,2,239
27180,27092,2,179
27180,27179,2,179
27180,27181,2,179
27180,27182,2,179
27180,27183,2,179
27180,27184,2,179
27180,27185,2,179
27180,27171,2,179
27180,27172,2,179
27180,27173,2,179
27180,27174,2,179
27180,27175,2,179
27180,27176,2,179
27180,27177,2,179
27180,27178,2,179
27181,27092,2,179
27181,27179,2,179
27181,27180,2,179
27181,27182,2,179
27181,27183,2,179
27181,27184,2,179
27181,27185,2,179
27181,27171,2,179
27181,27172,2,179
27181,27173,2,179
27181,27174,2,179
27181,27175,2,179
27181,27176,2,179
27181,27177,2,179
27181,27178,2,179
27182,27092,2,179
27182,27179,2,179
27182,27180,2,179
27182,27181,2,179
27182,27183,2,179
27182,27184,2,179
27182,27185,2,179
27182,27171,2,179
27182,27172,2,179
27182,27173,2,179
27182,27174,2,179
27182,27175,2,179
27182,27176,2,179
27182,27177,2,179
27182,27178,2,179
27183,27092,2,179
27183,27179,2,179
27183,27180,2,179
27183,27181,2,179
27183,27182,2,179
27183,27184,2,179
27183,27185,2,179
27183,27171,2,179
27183,27172,2,179
27183,27173,2,179
27183,27174,2,179
27183,27175,2,179
27183,27176,2,179
27183,27177,2,179
27183,27178,2,179
27184,27092,2,179
27184,27179,2,179
27184,27180,2,179
27184,27181,2,179
27184,27182,2,179
27184,27183,2,179
27184,27185,2,179
27184,27171,2,179
27184,27172,2,179
27184,27173,2,179
27184,27174,2,179
27184,27175,2,179
27184,27176,2,239
27184,27177,2,239
27184,27178,2,239
27185,27092,2,179
27185,27180,2,179
27185,27181,2,179
27185,27182,2,179
27185,27183,2,179
27185,27184,2,179
27185,27171,2,179
27185,27172,2,179
27185,27173,2,179
27185,27174,2,179
27185,27175,2,179
27185,27179,2,239
27185,27176,2,239
27185,27177,2,239
27185,27178,2,239
10080,10081,2,59
10080,10082,2,119
10080,10128,2,239
10080,10129,2,239
10080,10130,2,239
10080,10132,2,239
10080,10131,2,239
10081,10080,2,59
10081,10082,2,119
10081,10128,2,239
10081,10129,2,239
10081,10130,2,239
10081,10132,2,239
10081,10131,2,239
10082,10080,2,119
10082,10081,2,119
10082,10128,2,239
10082,10129,2,239
10082,10130,2,239
10082,10131,2,299
10128,10129,2,59
10128,10130,2,119
10128,10080,2,239
10128,10081,2,239
10128,10082,2,239
10129,10130,2,59
10129,10128,2,59
10129,10080,2,239
10129,10081,2,239
10129,10082,2,239
10130,10129,2,59
10130,10128,2,119
10130,10080,2,239
10130,10081,2,239
10130,10082,2,239
12221,12223,2,239
12218,12223,2,239
12217,12223,2,239
12216,12223,2,239
12214,12223,2,239
12213,12223,2,239
12212,12223,2,239
12211,12223,2,239
12210,12223,2,239
12209,12223,2,239
12207,12223,2,239
12206,12223,2,239
12205,12223,2,239
12204,12223,2,239
12203,12223,2,239
12202,12223,2,239
12199,12223,2,239
12198,12223,2,239
12197,12223,2,239
12195,12223,2,239
12221,12224,2,239
12218,12224,2,239
12217,12224,2,239
12216,12224,2,239
12214,12224,2,239
12213,12224,2,239
12212,12224,2,239
12211,12224,2,239
12210,12224,2,239
12209,12224,2,239
12207,12224,2,239
12206,12224,2,239
12205,12224,2,239
12204,12224,2,239
12203,12224,2,239
12202,12224,2,239
10132,10131,2,59
12199,12224,2,239
12198,12224,2,239
12197,12224,2,239
12195,12224,2,239
12221,12225,2,239
99471,99472,2,0
10132,10080,2,239
12218,12225,2,239
12217,12225,2,239
12216,12225,2,239
12214,12225,2,239
12213,12225,2,239
12212,12225,2,239
12211,12225,2,239
12210,12225,2,239
12209,12225,2,239
12207,12225,2,239
12206,12225,2,239
12205,12225,2,239
12204,12225,2,239
12203,12225,2,239
12202,12225,2,239
10132,10081,2,239
12199,12225,2,239
12198,12225,2,239
12197,12225,2,239
12195,12225,2,239
10132,10082,2,299
12221,12226,2,239
10131,10132,2,59
12218,12226,2,239
12217,12226,2,239
12216,12226,2,239
12214,12226,2,239
12213,12226,2,239
12212,12226,2,239
12211,12226,2,239
12210,12226,2,239
12209,12226,2,239
12207,12226,2,239
12206,12226,2,239
12205,12226,2,239
12204,12226,2,239
12203,12226,2,239
12202,12226,2,239
99472,21983,2,119
12199,12226,2,239
12198,12226,2,239
12197,12226,2,239
12195,12226,2,239
10131,10080,2,239
12221,12227,2,239
10131,10081,2,239
10131,10082,2,299
12218,12227,2,239
12217,12227,2,239
12216,12227,2,239
12214,12227,2,239
12213,12227,2,239
12212,12227,2,239
12211,12227,2,239
12210,12227,2,239
12209,12227,2,239
12207,12227,2,239
12206,12227,2,239
12205,12227,2,239
12204,12227,2,239
12203,12227,2,239
12202,12227,2,239
10075,10076,2,59
12199,12227,2,239
12198,12227,2,239
12197,12227,2,239
12195,12227,2,239
10075,10134,2,179
12221,12228,2,239
10075,10133,2,179
10076,10075,2,59
12218,12228,2,239
12217,12228,2,239
12216,12228,2,239
12214,12228,2,239
12213,12228,2,239
12212,12228,2,239
12211,12228,2,239
12210,12228,2,239
12209,12228,2,239
12207,12228,2,239
12206,12228,2,239
12205,12228,2,239
12204,12228,2,239
12203,12228,2,239
12202,12228,2,239
10076,10134,2,179
12199,12228,2,239
12198,12228,2,239
12197,12228,2,239
12195,12228,2,239
10076,10133,2,179
10133,10134,2,59
12223,12221,2,239
12224,12221,2,239
12225,12221,2,239
12226,12221,2,239
12227,12221,2,239
12228,12221,2,239
12214,12221,2,239
12213,12221,2,239
12212,12221,2,239
12211,12221,2,239
12210,12221,2,239
12209,12221,2,239
12207,12221,2,239
12206,12221,2,239
12205,12221,2,239
12204,12221,2,239
12203,12221,2,239
12202,12221,2,239
10133,10076,2,179
12199,12221,2,239
12198,12221,2,239
12197,12221,2,239
12195,12221,2,239
10133,10075,2,179
10134,10133,2,59
10134,10076,2,179
10134,10075,2,179
10086,10087,2,59
10086,10085,2,59
10086,10084,2,119
10086,10124,2,119
10086,10126,2,119
10086,10123,2,119
10087,10086,2,59
10087,10085,2,59
10087,10084,2,119
10087,10124,2,119
10087,10126,2,179
10087,10123,2,119
10085,10086,2,59
10085,10087,2,59
10085,10084,2,59
10085,10124,2,119
10085,10126,2,119
10085,10123,2,119
10084,10086,2,119
10084,10087,2,119
10084,10085,2,59
10084,10124,2,179
10084,10126,2,119
10084,10123,2,179
10124,10126,2,59
10124,10123,2,59
10124,10086,2,119
10124,10087,2,119
10124,10085,2,119
10124,10084,2,179
10126,10124,2,59
10126,10123,2,119
10126,10086,2,119
10126,10087,2,179
10126,10085,2,119
10126,10084,2,119
10123,10124,2,59
10123,10126,2,119
10123,10086,2,119
10123,10087,2,119
10123,10085,2,119
10123,10084,2,179
10090,10121,2,179
10089,10090,2,59
10089,10119,2,179
10089,10118,2,179
10089,10122,2,239
10089,10121,2,179
99471,21984,2,179
99471,21983,2,119
99472,99471,2,0
99472,21984,2,179
10082,10132,2,299
56,64,2,300
64,56,2,300
12206,12200,2,239
99601,99601,2,0
99612,99612,2,0
99908,99908,2,0
99007,99007,2,0
99,99,2,180
96,96,2,180
12205,12208,2,239
12205,12200,2,239
12223,12218,2,239
12224,12218,2,239
12225,12218,2,239
12226,12218,2,239
12227,12218,2,239
12228,12218,2,239
12214,12218,2,239
12213,12218,2,239
12212,12218,2,239
12211,12218,2,239
12210,12218,2,239
12209,12218,2,239
28068,12210,2,239
12207,12218,2,239
12206,12218,2,239
12205,12218,2,239
12204,12218,2,239
12203,12218,2,239
12202,12218,2,239
12204,12208,2,239
12199,12218,2,239
12198,12218,2,239
12197,12218,2,239
28068,12209,2,239
12195,12218,2,239
12204,12200,2,239
12203,12208,2,239
12223,12217,2,239
12224,12217,2,239
12225,12217,2,239
12226,12217,2,239
12227,12217,2,239
12228,12217,2,239
12214,12217,2,239
12213,12217,2,239
12212,12217,2,239
12211,12217,2,239
12210,12217,2,239
12209,12217,2,239
12207,12217,2,239
12206,12217,2,239
12205,12217,2,239
12204,12217,2,239
12203,12217,2,239
12202,12217,2,239
12203,12200,2,239
12199,12217,2,239
12198,12217,2,239
12197,12217,2,239
12205,28068,2,239
12195,12217,2,239
12202,12208,2,239
12202,12200,2,239
12223,12216,2,239
12224,12216,2,239
12225,12216,2,239
12226,12216,2,239
12227,12216,2,239
12228,12216,2,239
12214,12216,2,239
12213,12216,2,239
12212,12216,2,239
12211,12216,2,239
12210,12216,2,239
12209,12216,2,239
28502,28502,2,59
12207,12216,2,239
12206,12216,2,239
12205,12216,2,239
12204,12216,2,239
12203,12216,2,239
12202,12216,2,239
12199,12216,2,239
12198,12216,2,239
12197,12216,2,239
12195,12216,2,239
12200,12210,2,239
28535,28536,2,59
12200,12209,2,239
28535,28537,2,119
12200,12223,2,239
12200,12224,2,239
12223,12214,2,239
12224,12214,2,239
12225,12214,2,239
12226,12214,2,239
12227,12214,2,239
12228,12214,2,239
12221,12214,2,239
12200,12225,2,239
12200,12226,2,239
12218,12214,2,239
12217,12214,2,239
12216,12214,2,239
12207,12214,2,239
12206,12214,2,239
12205,12214,2,239
12204,12214,2,239
12203,12214,2,239
12202,12214,2,239
12200,12227,2,239
12199,12214,2,239
12198,12214,2,239
12197,12214,2,239
28535,28538,2,119
12195,12214,2,239
12200,12228,2,239
12200,28068,2,239
12223,12213,2,239
12224,12213,2,239
12225,12213,2,239
12226,12213,2,239
12227,12213,2,239
12228,12213,2,239
12221,12213,2,239
12200,12221,2,239
12200,12219,2,239
12218,12213,2,239
12217,12213,2,239
12216,12213,2,239
12207,12213,2,239
12206,12213,2,239
12205,12213,2,239
12204,12213,2,239
12203,12213,2,239
12202,12213,2,239
12200,12218,2,239
12199,12213,2,239
12198,12213,2,239
12197,12213,2,239
28535,28539,2,119
12195,12213,2,239
12200,12217,2,239
12200,12216,2,239
12223,12212,2,239
12224,12212,2,239
12225,12212,2,239
12226,12212,2,239
12227,12212,2,239
12228,12212,2,239
12221,12212,2,239
12200,12214,2,239
12218,12212,2,239
12217,12212,2,239
12216,12212,2,239
12207,12212,2,239
12206,12212,2,239
12205,12212,2,239
12204,12212,2,239
12203,12212,2,239
12202,12212,2,239
12200,12213,2,239
12199,12212,2,239
12198,12212,2,239
12197,12212,2,239
28535,28540,2,59
12195,12212,2,239
12200,12212,2,239
12200,12211,2,239
12223,12211,2,239
12224,12211,2,239
12225,12211,2,239
12226,12211,2,239
12227,12211,2,239
12228,12211,2,239
12221,12211,2,239
12200,12208,2,239
12200,12207,2,239
12218,12211,2,239
12217,12211,2,239
12216,12211,2,239
12207,12211,2,239
12206,12211,2,239
12205,12211,2,239
12204,12211,2,239
12203,12211,2,239
12202,12211,2,239
12200,12206,2,239
12199,12211,2,239
12198,12211,2,239
12197,12211,2,239
28535,28541,2,59
12195,12211,2,239
12200,12205,2,239
12200,12204,2,239
12223,12210,2,239
12224,12210,2,239
12225,12210,2,239
12226,12210,2,239
12227,12210,2,239
12228,12210,2,239
12221,12210,2,239
12200,12203,2,239
12200,12202,2,239
12218,12210,2,239
12217,12210,2,239
12216,12210,2,239
12207,12210,2,239
12206,12210,2,239
12205,12210,2,239
12204,12210,2,239
12203,12210,2,239
12202,12210,2,239
12199,12210,2,239
12198,12210,2,239
12197,12210,2,239
28536,28535,2,59
12195,12210,2,239
12199,12208,2,239
12198,12208,2,239
12223,12209,2,239
12224,12209,2,239
12225,12209,2,239
12226,12209,2,239
12227,12209,2,239
12228,12209,2,239
12221,12209,2,239
12197,12208,2,239
12195,12208,2,239
12218,12209,2,239
12217,12209,2,239
12216,12209,2,239
12207,12209,2,239
12206,12209,2,239
12205,12209,2,239
12204,12209,2,239
12203,12209,2,239
28536,28537,2,59
99061,99062,2,0
99062,99061,2,0
99171,99172,2,119
99171,22063,2,119
99171,13059,2,119
99172,99171,2,119
99172,22063,2,179
99172,13059,2,179
22063,99171,2,119
22063,99172,2,179
22063,13059,2,119
13059,99171,2,119
13059,99172,2,179
13059,22063,2,119
99201,99202,2,179
99201,12932,2,119
99201,12931,2,179
99202,99201,2,179
99202,12932,2,179
99202,12931,2,179
12932,99201,2,119
12932,99202,2,179
12932,12931,2,119
12931,99201,2,119
12931,99202,2,179
12931,12932,2,119
99021,99022,2,179
99021,99023,2,179
99021,99024,2,179
99022,99021,2,179
99022,99023,2,0
99022,99024,2,179
99023,99021,2,179
99023,99022,2,0
99023,99024,2,179
99024,99021,2,179
99024,99022,2,179
99024,99023,2,179
99281,99282,2,0
99281,19524,2,179
99282,99281,2,0
99282,19524,2,179
19524,99281,2,179
19524,99282,2,179
99891,99892,2,0
99891,21912,2,179
99891,21911,2,179
99891,21910,2,179
99891,21909,2,179
99891,21908,2,179
99891,21907,2,179
99892,99891,2,0
99892,21912,2,179
99892,21911,2,179
99892,21910,2,179
99892,21909,2,179
99892,21908,2,179
99892,21907,2,179
21912,99891,2,179
21912,99892,2,179
21912,21911,2,59
21912,21910,2,119
21912,21909,2,119
21912,21908,2,119
21912,21907,2,119
21911,99891,2,179
21911,99892,2,179
21911,21912,2,119
21911,21910,2,119
21911,21909,2,119
21911,21908,2,119
21911,21907,2,119
21910,99891,2,179
21910,99892,2,179
21910,21912,2,119
21910,21911,2,119
21910,21909,2,119
21910,21908,2,119
21910,21907,2,119
21909,99891,2,179
21909,99892,2,179
21909,21912,2,119
21909,21911,2,119
21909,21910,2,119
21909,21908,2,119
21909,21907,2,119
21908,99891,2,179
21908,99892,2,179
21908,21912,2,119
21908,21911,2,119
21908,21910,2,119
21908,21909,2,119
21908,21907,2,119
21907,99891,2,179
21907,99892,2,179
21907,21912,2,119
21907,21911,2,119
21907,21910,2,119
21907,21909,2,119
21907,21908,2,119
99661,99662,2,0
99661,23625,2,179
99661,23626,2,179
99661,23627,2,179
99661,23628,2,179
99661,23629,2,179
99661,23630,2,179
99661,23632,2,179
99661,23633,2,179
99661,23635,2,179
99661,23636,2,179
99662,99661,2,0
99662,23625,2,179
99662,23626,2,179
99662,23627,2,179
99662,23628,2,179
99662,23629,2,179
99662,23630,2,179
99662,23632,2,179
99662,23633,2,179
99662,23635,2,179
99662,23636,2,179
23625,99661,2,179
23625,99662,2,179
23625,23626,2,119
23625,23627,2,119
23625,23628,2,119
23625,23629,2,119
23625,23630,2,119
23625,23632,2,119
23625,23633,2,119
23625,23635,2,119
23625,23636,2,119
23626,99661,2,179
23626,99662,2,179
23626,23625,2,119
23626,23627,2,119
23626,23628,2,119
23626,23629,2,119
23626,23630,2,119
23626,23632,2,119
23626,23633,2,119
23626,23635,2,119
23626,23636,2,119
23627,99661,2,179
23627,99662,2,179
23627,23625,2,119
23627,23626,2,119
23627,23628,2,119
23627,23629,2,119
23627,23630,2,119
23627,23632,2,119
23627,23633,2,119
23627,23635,2,119
23627,23636,2,119
23628,99661,2,179
23628,99662,2,179
23628,23625,2,119
23628,23626,2,119
23628,23627,2,119
23628,23629,2,119
23628,23630,2,119
23628,23632,2,119
23628,23633,2,119
23628,23635,2,119
23628,23636,2,119
23629,99661,2,179
23629,99662,2,179
23629,23625,2,119
23629,23626,2,119
23629,23627,2,119
23629,23628,2,119
23629,23630,2,119
23629,23632,2,119
23629,23633,2,119
23629,23635,2,119
23629,23636,2,119
23630,99661,2,179
23630,99662,2,179
23630,23625,2,119
23630,23626,2,119
23630,23627,2,119
23630,23628,2,119
23630,23629,2,119
23630,23632,2,119
23630,23633,2,119
23630,23635,2,119
23630,23636,2,119
23632,99661,2,179
23632,99662,2,179
23632,23625,2,119
23632,23626,2,119
23632,23627,2,119
23632,23628,2,119
23632,23629,2,119
23632,23630,2,119
23632,23633,2,119
23632,23635,2,119
23632,23636,2,119
23633,99661,2,179
23633,99662,2,179
23633,23625,2,119
23633,23626,2,119
23633,23627,2,119
23633,23628,2,119
23713,23718,2,119
23713,23708,2,119
23713,23709,2,119
23713,23710,2,59
23713,23711,2,119
23713,23712,2,119
23713,23714,2,59
23713,23715,2,59
23714,99651,2,179
23714,99652,2,179
23714,23707,2,119
23714,23716,2,59
23714,23717,2,59
23714,23718,2,112
23714,23708,2,112
23714,23709,2,112
23714,23710,2,59
23714,23711,2,59
23714,23712,2,119
23714,23713,2,59
23714,23715,2,59
23715,99651,2,179
23715,99652,2,179
23715,23707,2,119
23715,23716,2,59
23715,23717,2,59
23715,23718,2,59
23715,23708,2,119
23715,23709,2,59
23715,23710,2,59
23715,23711,2,59
23715,23712,2,59
23715,23713,2,59
23715,23714,2,59
10345,10423,2,59
10423,10345,2,59
10423,99341,2,179
10345,99341,2,179
10345,99342,2,179
10423,99342,2,179
99341,10423,2,179
99341,10345,2,179
99341,99342,2,59
99342,10345,2,179
99342,10423,2,179
99342,99341,2,59
99071,99072,2,119
99072,99071,2,119
99091,99092,2,59
99091,13545,2,179
99091,13548,2,179
99092,99091,2,59
99092,13545,2,179
99092,13548,2,179
13545,99091,2,179
13545,99092,2,179
13545,13548,2,119
13548,99091,2,179
13548,99092,2,179
13548,13545,2,119
99701,99702,2,59
99701,23782,2,119
99701,23791,2,119
99701,23792,2,119
99701,23793,2,119
99701,23783,2,119
99701,23784,2,119
99701,23785,2,119
99701,23786,2,119
99701,23787,2,119
99701,23788,2,179
99701,23789,2,179
99701,23790,2,119
99702,99701,2,59
99702,23782,2,179
99702,23791,2,179
99702,23792,2,179
99702,23793,2,179
99702,23783,2,179
99702,23784,2,179
99702,23785,2,179
99702,23786,2,179
99702,23787,2,179
99702,23788,2,179
99702,23789,2,179
99702,23790,2,179
23782,99701,2,119
23782,99702,2,119
23782,23791,2,119
23782,23792,2,59
23782,23793,2,119
23782,23783,2,59
23782,23784,2,59
23782,23785,2,59
23782,23786,2,119
23782,23787,2,119
23782,23788,2,119
23782,23789,2,119
23782,23790,2,119
23791,99701,2,119
23791,99702,2,119
23791,23782,2,119
23791,23792,2,59
23791,23793,2,59
23791,23783,2,59
23791,23784,2,59
23791,23785,2,59
23791,23786,2,119
23791,23787,2,119
23791,23788,2,59
23791,23789,2,59
23791,23790,2,59
23792,99701,2,119
23792,99702,2,119
23792,23782,2,59
23792,23791,2,59
23792,23793,2,59
23792,23783,2,59
23792,23784,2,59
23792,23785,2,59
23792,23786,2,59
23792,23787,2,119
23792,23788,2,59
23792,23789,2,59
23792,23790,2,59
23793,99701,2,119
23793,99702,2,119
23793,23782,2,119
23793,23791,2,59
23793,23792,2,59
23793,23783,2,59
23793,23784,2,59
23793,23785,2,59
23793,23786,2,119
23793,23787,2,119
23793,23788,2,119
23793,23789,2,59
23793,23790,2,59
23783,99701,2,119
23783,99702,2,119
23783,23782,2,59
23783,23791,2,59
23783,23792,2,59
23783,23793,2,59
23783,23784,2,59
23783,23785,2,59
23783,23786,2,59
23783,23787,2,59
23783,23788,2,119
23783,23789,2,119
23783,23790,2,119
23784,99701,2,119
23784,99702,2,119
23784,23782,2,59
23784,23791,2,59
23784,23792,2,59
23784,23793,2,59
23784,23783,2,59
23784,23785,2,59
23784,23786,2,59
23784,23787,2,59
23784,23788,2,119
23784,23789,2,59
23784,23790,2,59
23785,99701,2,119
23785,99702,2,119
23785,23782,2,59
23785,23791,2,59
23785,23792,2,59
23785,23793,2,59
23785,23783,2,59
23785,23784,2,59
23785,23786,2,59
23785,23787,2,59
23785,23788,2,119
23785,23789,2,119
23785,23790,2,119
23786,99701,2,119
23786,99702,2,119
23786,23782,2,119
23786,23791,2,119
23786,23792,2,59
23786,23793,2,119
23786,23783,2,59
23786,23784,2,59
23786,23785,2,59
23786,23787,2,59
23786,23788,2,119
23786,23789,2,119
23786,23790,2,119
23787,99701,2,119
23787,99702,2,119
23787,23782,2,119
23787,23791,2,119
23787,23792,2,119
23787,23793,2,119
23787,23783,2,59
23787,23784,2,59
23787,23785,2,59
23787,23786,2,59
23787,23788,2,179
23787,23789,2,179
23787,23790,2,119
23788,99701,2,179
23788,99702,2,179
23788,23782,2,119
23788,23791,2,59
23788,23792,2,59
23788,23793,2,119
23788,23783,2,119
23788,23784,2,119
23788,23785,2,119
23788,23786,2,119
23788,23787,2,179
23788,23789,2,59
23788,23790,2,59
23789,99701,2,179
23789,99702,2,179
23789,23782,2,119
23789,23791,2,59
23789,23792,2,59
23789,23793,2,59
23789,23783,2,119
23789,23784,2,59
23789,23785,2,119
23789,23786,2,119
23789,23787,2,179
23789,23788,2,59
23789,23790,2,59
23790,99701,2,119
23790,99702,2,119
23790,23782,2,119
23790,23791,2,59
23790,23792,2,59
23790,23793,2,59
23790,23783,2,119
23790,23784,2,59
23790,23785,2,119
23790,23786,2,119
23790,23787,2,119
23790,23788,2,59
23790,23789,2,59
99151,99152,2,239
99151,19083,2,119
99151,19084,2,119
99151,10020,2,279
99152,99151,2,239
99152,19083,2,279
99152,19084,2,279
99152,10020,2,59
19083,99151,2,119
19083,99152,2,279
19083,19084,2,59
19083,10020,2,279
19084,99151,2,119
99822,11542,2,179
99822,11543,2,239
99822,11544,2,239
99822,26332,2,239
11537,99821,2,179
11537,99822,2,179
11537,11538,2,59
11537,11539,2,59
11537,11540,2,59
11537,11541,2,119
11537,11542,2,119
11537,11543,2,119
11537,11544,2,119
11537,26332,2,179
11538,99821,2,179
11538,99822,2,179
11538,11537,2,59
11538,11539,2,59
11538,11540,2,59
11538,11541,2,59
11538,11542,2,119
11538,11543,2,119
11538,11544,2,119
11538,26332,2,119
11539,99821,2,119
11539,99822,2,119
11539,11537,2,59
11539,11538,2,59
11539,11540,2,59
11539,11541,2,59
11539,11542,2,59
11539,11543,2,119
11539,11544,2,119
11539,26332,2,119
11540,99821,2,119
11540,99822,2,119
11540,11537,2,59
11540,11538,2,59
11540,11539,2,59
11540,11541,2,59
11540,11542,2,59
11540,11543,2,59
11540,11544,2,59
11540,26332,2,119
11541,99821,2,179
11541,99822,2,179
11541,11537,2,119
11541,11538,2,59
11541,11539,2,59
11541,11540,2,59
11541,11542,2,59
11541,11543,2,59
11541,11544,2,59
11541,26332,2,59
11542,99821,2,179
11542,99822,2,179
11542,11537,2,119
11542,11538,2,119
11542,11539,2,59
11542,11540,2,59
11542,11541,2,59
11542,11543,2,59
11542,11544,2,59
11542,26332,2,59
11543,99821,2,239
11543,99822,2,239
11543,11537,2,119
11543,11538,2,119
11543,11539,2,119
11543,11540,2,59
11543,11541,2,59
11543,11542,2,59
11543,11544,2,59
11543,26332,2,59
11544,99821,2,239
11544,99822,2,239
11544,11537,2,119
11544,11538,2,119
11544,11539,2,119
11544,11540,2,59
11544,11541,2,59
11544,11542,2,59
11544,11543,2,59
11544,26332,2,59
26332,99821,2,239
26332,99822,2,239
26332,11537,2,179
26332,11538,2,119
26332,11539,2,119
26332,11540,2,119
26332,11541,2,59
26332,11542,2,59
26332,11543,2,59
26332,11544,2,59
99491,99492,2,59
99492,99491,2,59
99051,99052,2,59
99052,99051,2,59
99331,99332,2,239
99331,10418,2,299
99331,10350,2,239
99332,99331,2,239
99332,10418,2,119
99332,10350,2,119
10418,99331,2,299
10418,99332,2,119
10418,10350,2,59
10350,99331,2,239
10350,99332,2,119
10350,10418,2,59
99711,99712,2,119
99711,26695,2,239
99711,26696,2,239
99711,26697,2,179
99711,26698,2,179
99711,26699,2,179
99711,24012,2,179
99711,23794,2,179
99712,99711,2,119
99712,26695,2,119
99712,26696,2,119
99712,26697,2,119
99712,26698,2,119
99712,26699,2,119
99712,24012,2,119
99712,23794,2,119
26695,99711,2,239
26695,99712,2,239
26695,26696,2,59
26695,26697,2,59
26695,26698,2,119
26695,26699,2,119
26695,24012,2,119
26695,23794,2,119
26696,99711,2,239
26696,99712,2,119
26696,26695,2,59
26696,26697,2,59
26696,26698,2,119
26696,26699,2,119
26696,24012,2,119
26696,23794,2,119
26697,99711,2,179
26697,99712,2,119
26697,26695,2,59
26697,26696,2,59
26697,26698,2,59
26697,26699,2,59
26697,24012,2,119
26697,23794,2,119
26698,99711,2,179
26698,99712,2,119
26698,26695,2,119
26698,26696,2,119
26698,26697,2,59
26698,26699,2,59
26698,24012,2,119
26698,23794,2,119
26699,99711,2,179
26699,99712,2,119
26699,26695,2,119
26699,26696,2,119
26699,26697,2,59
26699,26698,2,59
26699,24012,2,119
26699,23794,2,119
24012,99711,2,179
24012,99712,2,119
24012,26695,2,119
24012,26696,2,119
24012,26697,2,119
24012,26698,2,119
24012,26699,2,119
24012,23794,2,59
23794,99711,2,179
23794,99712,2,119
23794,26695,2,119
23794,26696,2,119
23794,26697,2,119
23794,26698,2,119
23794,26699,2,119
23794,24012,2,59
99831,99832,2,59
99831,12547,2,119
99831,12548,2,179
99831,12549,2,179
99831,12550,2,179
99831,12551,2,179
99831,12552,2,179
99831,12553,2,119
99831,12554,2,119
99832,99831,2,59
99832,12547,2,119
99832,12548,2,179
99832,12549,2,179
99832,12550,2,179
99832,12551,2,179
99832,12552,2,179
99832,12553,2,119
99832,12554,2,119
12547,99831,2,119
12547,99832,2,119
12547,12548,2,59
12547,12549,2,59
12547,12550,2,59
12547,12551,2,59
12547,12552,2,59
12547,12553,2,59
12547,12554,2,59
12548,99831,2,179
12548,99832,2,179
12548,12547,2,59
12548,12549,2,59
12548,12550,2,59
12548,12551,2,59
12548,12552,2,59
12548,12553,2,59
12548,12554,2,59
12549,99831,2,179
12549,99832,2,179
12549,12547,2,59
12549,12548,2,59
12549,12550,2,59
12549,12551,2,59
12549,12552,2,59
12549,12553,2,59
12549,12554,2,59
12550,99831,2,179
12550,99832,2,179
12550,12547,2,59
12550,12548,2,59
12550,12549,2,59
12550,12551,2,59
19084,99152,2,279
19084,19083,2,279
19084,10020,2,279
10020,99151,2,279
10020,99152,2,59
10020,19083,2,279
10020,19084,2,279
99241,99242,2,59
99181,99182,2,119
99181,22064,2,119
99181,13060,2,59
99182,99181,2,119
99182,22064,2,239
99182,13060,2,179
22064,99181,2,119
22064,99182,2,239
22064,13060,2,59
13060,99181,2,59
13060,99182,2,179
13060,22064,2,59
99821,99822,2,59
99821,11537,2,179
99821,11538,2,179
99821,11539,2,119
99821,11540,2,119
99821,11541,2,179
99821,11542,2,179
99821,11543,2,239
99821,11544,2,239
99821,26332,2,239
99822,99821,2,59
99822,11537,2,179
99822,11538,2,179
99822,11539,2,119
99822,11540,2,119
99822,11541,2,179
22738,99141,2,119
22738,99142,2,119
22738,22738,2,0
22738,22734,2,59
22738,22735,2,59
22738,22736,2,59
22738,22737,2,59
22734,99141,2,119
22734,99142,2,119
22734,22738,2,59
22734,22734,2,0
22734,22735,2,59
22734,22736,2,59
22734,22737,2,59
22735,99141,2,119
22735,99142,2,179
22735,22738,2,59
22735,22734,2,59
22735,22735,2,0
22735,22736,2,59
22735,22737,2,59
22736,99141,2,179
22736,99142,2,179
22736,22738,2,59
22736,22734,2,59
22736,22735,2,59
22736,22736,2,0
22736,22737,2,59
22737,99141,2,179
22737,99142,2,179
22737,22738,2,59
22737,22734,2,59
22737,22735,2,59
22737,22736,2,59
22737,22737,2,0
19608,19608,2,0
19609,19609,2,0
19609,19608,2,179
19608,19609,2,179
19608,99301,2,119
19609,99301,2,179
19608,99302,2,179
19609,99302,2,179
99301,19608,2,119
99301,19609,2,179
99301,99301,2,0
99301,99302,2,59
99302,19609,2,179
99302,19608,2,179
99302,99301,2,59
99302,99302,2,59
22551,99841,2,179
22551,99842,2,179
99841,22551,2,179
99841,99841,2,0
99841,99842,2,239
99842,22551,2,179
99842,99841,2,239
99501,99502,2,0
99501,14894,2,179
99501,14903,2,179
99502,99501,2,0
99502,14894,2,179
99502,14903,2,179
14894,99501,2,179
14894,99502,2,179
14894,14903,2,119
14903,99501,2,179
14903,99502,2,179
14903,14894,2,119
19508,19509,2,59
19509,19508,2,59
19508,99251,2,119
19509,99251,2,179
19508,99252,2,59
19509,99252,2,119
99251,19508,2,119
99251,19509,2,179
99251,99252,2,59
99252,19508,2,59
99252,19509,2,119
99252,99251,2,59
99161,99162,2,59
99161,22038,2,59
99161,22037,2,59
99161,22036,2,59
99161,22035,2,59
99161,25101,2,59
99162,99161,2,59
99162,22038,2,59
99162,22037,2,59
99162,22036,2,59
99162,22035,2,59
99162,25101,2,59
22038,99161,2,59
22038,99162,2,59
22038,22037,2,59
22038,22036,2,59
22038,22035,2,59
22038,25101,2,59
22037,99161,2,59
22037,99162,2,59
22037,22038,2,59
22037,22036,2,59
22037,22035,2,59
22037,25101,2,59
22036,99161,2,59
22036,99162,2,59
22036,22038,2,59
22036,22037,2,59
22036,22035,2,59
22036,25101,2,59
22035,99161,2,59
22035,99162,2,59
22035,22038,2,59
22035,22037,2,59
22035,22036,2,59
22035,25101,2,59
25101,99161,2,59
25101,99162,2,59
25101,22038,2,59
25101,22037,2,59
25101,22036,2,59
25101,22035,2,59
99121,99122,2,179
99122,99121,2,179
99681,99682,2,119
99681,23798,2,179
99681,23799,2,179
99681,23800,2,179
99681,23801,2,179
99681,23802,2,179
99682,99681,2,119
99682,23798,2,179
99682,23799,2,179
99682,23800,2,179
99682,23801,2,179
99682,23802,2,179
23798,99681,2,179
23798,99682,2,179
23798,23799,2,59
23798,23800,2,59
23798,23801,2,59
23798,23802,2,59
23799,99681,2,179
23799,99682,2,179
23799,23798,2,59
23799,23800,2,59
23799,23801,2,59
23799,23802,2,59
23800,99681,2,179
23800,99682,2,179
23800,23798,2,59
23800,23799,2,59
23800,23801,2,59
23800,23802,2,59
23801,99681,2,179
23801,99682,2,179
23801,23798,2,59
23801,23799,2,59
23801,23800,2,59
23801,23802,2,59
23802,99681,2,179
23802,99682,2,179
23802,23798,2,59
23802,23799,2,59
23802,23800,2,59
23802,23801,2,59
99801,99802,2,0
99802,99801,2,0
19507,19510,2,119
19510,19507,2,119
19507,99261,2,119
19510,99261,2,179
19507,99262,2,119
19510,99262,2,119
99261,19507,2,119
99261,19510,2,179
99261,99262,2,119
99262,19510,2,119
99262,19507,2,119
99262,99261,2,119
99131,99132,2,0
99132,99131,2,0
99731,99732,2,59
99731,17383,2,59
99731,17382,2,59
99731,17381,2,119
99731,17380,2,119
99731,17379,2,179
99731,17374,2,119
99731,17375,2,119
99731,17376,2,119
99731,17377,2,179
99731,17378,2,179
99732,99731,2,59
99732,17383,2,179
99732,17382,2,179
99732,17381,2,239
99732,17380,2,239
99732,17379,2,299
99732,17374,2,239
99732,17375,2,239
99732,17376,2,239
99732,17377,2,299
99732,17378,2,299
17383,99731,2,59
17383,99732,2,179
17383,17382,2,59
17383,17381,2,59
17383,17380,2,59
17383,17379,2,119
17383,17374,2,59
17383,17375,2,59
17383,17376,2,59
17383,17377,2,119
17383,17378,2,119
17382,99731,2,59
17382,99732,2,179
17382,17383,2,59
17382,17381,2,59
17382,17380,2,59
17382,17379,2,59
17382,17374,2,59
17382,17375,2,59
17382,17376,2,59
17382,17377,2,119
17382,17378,2,119
17381,99731,2,119
17381,99732,2,239
17381,17383,2,59
17381,17382,2,59
17381,17380,2,59
17381,17379,2,59
17381,17374,2,59
17381,17375,2,59
17381,17376,2,119
17381,17377,2,119
17381,17378,2,179
17380,99731,2,119
17380,99732,2,239
17380,17383,2,59
17380,17382,2,59
17380,17381,2,59
17380,17379,2,59
17380,17374,2,59
17380,17375,2,59
17380,17376,2,119
17380,17377,2,119
17380,17378,2,179
17379,99731,2,179
17379,99732,2,299
17379,17383,2,119
17379,17382,2,59
17379,17381,2,59
17379,17380,2,59
17379,17374,2,119
17379,17375,2,119
17379,17376,2,119
17379,17377,2,179
17379,17378,2,179
17374,99731,2,119
17374,99732,2,239
17374,17383,2,59
17374,17382,2,59
17374,17381,2,59
17374,17380,2,59
17374,17379,2,119
17374,17375,2,59
17374,17376,2,59
17374,17377,2,59
17374,17378,2,119
17375,99731,2,119
17375,99732,2,239
17375,17383,2,59
17375,17382,2,59
17375,17381,2,59
17375,17380,2,59
17375,17379,2,119
17375,17374,2,59
17375,17376,2,59
17375,17377,2,59
17375,17378,2,59
17376,99731,2,119
17376,99732,2,239
17376,17383,2,59
23633,23629,2,119
23633,23630,2,119
12983,12983,2,0
23633,23632,2,119
28068,12221,2,239
23633,23635,2,119
23633,23636,2,119
28068,12218,2,239
28068,12217,2,239
28068,12216,2,239
28068,12214,2,239
28068,12213,2,239
28068,12212,2,239
28068,12211,2,239
28068,12207,2,239
28068,12206,2,239
28068,12204,2,239
28068,12203,2,239
28068,12202,2,239
23635,99661,2,179
23635,99662,2,179
23635,23625,2,119
23635,23626,2,119
23635,23627,2,119
23635,23628,2,119
23635,23629,2,119
23635,23630,2,119
23635,23632,2,119
23635,23633,2,119
12210,12219,2,239
23635,23636,2,119
23636,99661,2,179
23636,99662,2,179
23636,23625,2,119
23636,23626,2,119
23636,23627,2,119
23636,23628,2,119
23636,23629,2,119
23636,23630,2,119
28068,12199,2,239
23636,23632,2,119
23636,23633,2,119
28068,12198,2,239
23636,23635,2,119
99311,99312,2,0
99311,22057,2,239
99311,22059,2,239
99311,22665,2,239
99312,99311,2,0
99312,22057,2,239
99312,22059,2,239
99312,22665,2,239
22057,99311,2,239
22057,99312,2,239
22057,22059,2,59
22059,99311,2,239
22059,99312,2,239
22059,22057,2,59
22665,99311,2,239
22665,99312,2,239
99881,99882,2,0
99882,99881,2,0
99231,99232,2,0
99231,19428,2,179
99231,19424,2,179
99232,99231,2,0
99232,19428,2,179
99232,19424,2,179
19428,99231,2,179
19428,99232,2,179
19428,19424,2,119
19424,99231,2,179
19424,99232,2,179
19424,19428,2,119
99511,99512,2,0
99512,99511,2,0
99421,99422,2,0
99421,12986,2,239
99421,12985,2,179
99422,99421,2,0
99422,12986,2,239
99422,12985,2,179
12986,99421,2,239
12986,99422,2,239
12986,12985,2,59
12985,99421,2,179
12985,99422,2,179
12985,12986,2,59
99861,99862,2,0
99862,99861,2,0
99611,99612,2,0
99612,99611,2,0
99351,99352,2,0
99351,99353,2,0
28068,12197,2,239
28068,12195,2,239
99351,10428,2,119
99351,10429,2,119
99351,10430,2,119
99351,10431,2,119
99351,10432,2,119
99351,10434,2,119
99351,10435,2,119
99351,10436,2,119
99351,10437,2,119
99351,10438,2,179
99351,10439,2,179
99351,25947,2,179
99352,99351,2,0
99352,99353,2,0
99352,10428,2,119
99352,10429,2,119
99352,10430,2,119
99352,10431,2,119
99352,10432,2,119
99352,10434,2,119
99352,10435,2,119
99352,10436,2,119
99352,10437,2,119
99352,10438,2,179
99352,10439,2,179
99352,25947,2,179
99353,99351,2,0
99353,99352,2,0
99353,10428,2,119
99353,10429,2,119
99353,10430,2,119
99353,10431,2,119
99353,10432,2,119
12223,12219,2,239
99353,10434,2,119
99353,10435,2,119
99353,10436,2,119
99353,10437,2,119
99353,10438,2,179
99353,10439,2,179
99353,25947,2,179
12224,12219,2,239
12225,12219,2,239
12226,12219,2,239
12227,12219,2,239
12228,12219,2,239
12221,28068,2,239
12218,28068,2,239
12217,28068,2,239
12216,28068,2,239
12214,28068,2,239
12213,28068,2,239
12212,28068,2,239
12211,28068,2,239
12207,28068,2,239
12206,28068,2,239
12204,28068,2,239
12203,28068,2,239
12202,28068,2,239
12199,28068,2,239
12198,28068,2,239
12197,28068,2,239
12195,28068,2,239
28068,12219,2,239
12214,12219,2,239
12213,12219,2,239
12212,12219,2,239
10428,99351,2,119
10428,99352,2,119
10428,99353,2,119
12211,12219,2,239
12207,12219,2,239
10428,10429,2,59
10428,10430,2,59
10428,10431,2,59
10428,10432,2,59
12206,12219,2,239
10428,10434,2,119
10428,10435,2,119
10428,10436,2,119
10428,10437,2,119
10428,10438,2,119
10428,10439,2,119
10428,25947,2,119
10429,99351,2,119
10429,99352,2,119
10429,99353,2,119
12205,12219,2,239
12204,12219,2,239
10429,10428,2,59
10429,10430,2,59
10429,10431,2,59
10429,10432,2,59
12203,12219,2,239
10429,10434,2,119
10429,10435,2,119
10429,10436,2,119
10429,10437,2,119
10429,10438,2,119
10429,10439,2,119
10429,25947,2,119
10430,99351,2,119
10430,99352,2,119
10430,99353,2,119
12202,12219,2,239
10430,10428,2,59
10430,10429,2,59
10430,10431,2,59
10430,10432,2,59
12199,12219,2,239
10430,10434,2,119
10430,10435,2,119
10430,10436,2,119
10430,10437,2,119
10430,10438,2,119
10430,10439,2,119
10430,25947,2,119
10431,99351,2,119
10431,99352,2,119
10431,99353,2,119
12198,12219,2,239
12197,12219,2,239
10431,10428,2,59
10431,10429,2,59
10431,10430,2,59
10431,10432,2,59
12195,12219,2,239
10431,10434,2,119
10431,10435,2,119
10431,10436,2,119
10431,10437,2,119
10431,10438,2,119
10431,10439,2,119
10431,25947,2,119
10432,99351,2,119
10432,99352,2,119
10432,99353,2,119
12210,28068,2,239
12210,12200,2,239
10432,10428,2,59
10432,10429,2,59
10432,10430,2,59
10432,10431,2,59
12209,28068,2,239
10432,10434,2,119
10432,10435,2,119
10432,10436,2,119
10432,10437,2,119
10432,10438,2,119
10432,10439,2,119
10432,25947,2,119
12209,12219,2,239
12209,12200,2,239
12223,12208,2,239
12223,12200,2,239
12224,12208,2,239
12224,12200,2,239
12225,12208,2,239
12225,12200,2,239
12226,12208,2,239
12226,12200,2,239
12227,12208,2,239
12227,12200,2,239
12228,12208,2,239
12228,12200,2,239
28068,12208,2,239
28068,12200,2,239
12221,12208,2,239
10434,99351,2,119
10434,99352,2,119
10434,99353,2,119
10434,10428,2,119
10434,10429,2,119
10434,10430,2,119
10434,10431,2,119
10434,10432,2,119
99451,16546,2,119
10434,10435,2,59
10434,10436,2,59
10434,10437,2,59
10434,10438,2,119
10434,10439,2,119
10434,25947,2,119
10435,99351,2,119
10435,99352,2,119
10435,99353,2,119
10435,10428,2,119
10435,10429,2,119
10435,10430,2,119
10435,10431,2,119
10435,10432,2,119
99451,16543,2,179
10435,10434,2,59
10435,10436,2,59
10435,10437,2,59
10435,10438,2,119
10435,10439,2,119
10435,25947,2,119
10436,99351,2,119
10436,99352,2,119
10436,99353,2,119
10436,10428,2,119
10436,10429,2,119
10436,10430,2,119
10436,10431,2,119
10436,10432,2,119
99451,99452,2,59
10436,10434,2,59
10436,10435,2,59
10436,10437,2,59
10436,10438,2,119
10436,10439,2,119
10436,25947,2,119
10437,99351,2,119
10437,99352,2,119
10437,99353,2,119
10437,10428,2,119
10437,10429,2,119
10437,10430,2,119
10437,10431,2,119
10437,10432,2,119
99452,16546,2,119
10437,10434,2,59
10437,10435,2,59
10437,10436,2,59
10437,10438,2,119
10437,10439,2,119
10437,25947,2,119
10438,99351,2,179
10438,99352,2,179
10438,99353,2,179
10438,10428,2,119
10438,10429,2,119
10438,10430,2,119
10438,10431,2,119
10438,10432,2,119
99452,16543,2,179
10438,10434,2,119
10438,10435,2,119
10438,10436,2,119
10438,10437,2,119
10438,10439,2,59
10438,25947,2,59
10439,99351,2,179
10439,99352,2,179
10439,99353,2,179
10439,10428,2,119
10439,10429,2,119
10439,10430,2,119
10439,10431,2,119
10439,10432,2,119
99452,99451,2,59
10439,10434,2,119
10439,10435,2,119
10439,10436,2,119
10439,10437,2,119
10439,10438,2,59
10439,25947,2,59
25947,99351,2,179
25947,99352,2,179
25947,99353,2,179
25947,10428,2,119
25947,10429,2,119
25947,10430,2,119
25947,10431,2,119
25947,10432,2,119
25947,10434,2,119
25947,10435,2,119
25947,10436,2,119
25947,10437,2,119
25947,10438,2,59
25947,10439,2,59
99811,99812,2,0
99811,12984,2,179
99811,12983,2,179
99811,12980,2,179
99811,27115,2,179
99811,27495,2,179
99811,27496,2,179
99811,11455,2,119
99811,27117,2,119
99811,27118,2,119
99812,99811,2,0
99812,12984,2,179
99812,12983,2,179
99812,12980,2,179
99812,27115,2,179
99812,27495,2,179
99812,27496,2,179
99812,11455,2,119
99812,27117,2,119
99812,27118,2,119
12984,99811,2,179
12984,99812,2,179
12984,12983,2,59
12984,12980,2,59
12984,27115,2,59
12984,27495,2,59
12984,27496,2,59
12984,11455,2,119
12984,27117,2,119
12984,27118,2,119
12983,99811,2,179
12983,99812,2,179
12983,12984,2,59
12983,12980,2,59
12983,27115,2,59
12983,27495,2,59
12983,27496,2,59
12983,11455,2,119
12983,27117,2,119
12983,27118,2,119
12980,99811,2,179
12980,99812,2,179
12980,12984,2,59
12980,12983,2,59
12980,27115,2,59
12980,27495,2,59
12980,27496,2,59
12980,11455,2,119
12980,27117,2,119
12980,27118,2,119
27115,99811,2,179
27115,99812,2,179
27115,12984,2,59
27115,12983,2,59
27115,12980,2,59
27115,27495,2,59
27115,27496,2,59
27115,11455,2,119
27115,27117,2,119
27115,27118,2,119
27495,99811,2,179
27495,99812,2,179
27495,12984,2,59
27495,12983,2,59
27495,12980,2,59
27495,27115,2,59
27495,27496,2,59
27495,11455,2,119
27495,27117,2,119
27495,27118,2,119
27496,99811,2,179
27496,99812,2,179
27496,12984,2,59
27496,12983,2,59
27496,12980,2,59
27496,27115,2,59
27496,27495,2,0
27496,11455,2,119
27496,27117,2,119
27496,27118,2,119
11455,99811,2,119
11455,99812,2,119
11455,12984,2,119
11455,12983,2,119
11455,12980,2,119
11455,27115,2,119
11455,27495,2,119
11455,27496,2,119
11455,27117,2,59
11455,27118,2,59
27117,99811,2,119
27117,99812,2,119
27117,12984,2,119
27117,12983,2,119
27117,12980,2,119
27117,27115,2,119
27117,27495,2,119
27117,27496,2,119
27117,11455,2,59
27117,27118,2,59
27118,99811,2,119
27118,99812,2,119
27118,12984,2,119
27118,12983,2,119
27118,12980,2,119
27118,27115,2,119
27118,27495,2,119
27118,27496,2,119
27118,11455,2,59
27118,27117,2,59
17376,17382,2,59
17376,17381,2,119
17376,17380,2,119
17376,17379,2,119
17376,17374,2,59
17376,17375,2,59
17376,17377,2,59
17376,17378,2,59
17377,99731,2,179
17377,99732,2,299
17377,17383,2,119
17377,17382,2,119
17377,17381,2,119
17377,17380,2,119
17377,17379,2,179
17377,17374,2,59
17377,17375,2,59
17377,17376,2,59
17377,17378,2,59
17378,99731,2,179
17378,99732,2,299
17378,17383,2,119
17378,17382,2,119
17378,17381,2,179
17378,17380,2,179
17378,17379,2,179
17378,17374,2,119
17378,17375,2,59
17378,17376,2,59
17378,17377,2,59
16545,99441,2,119
16545,99442,2,119
99441,16545,2,119
99441,99442,2,59
99442,16545,2,119
99442,99441,2,59
16543,16546,2,179
16546,16543,2,179
16546,99451,2,119
16543,99451,2,179
16543,99452,2,179
16546,99452,2,119
99531,99532,2,119
99531,23819,2,119
99531,14619,2,119
99531,14620,2,119
99531,14621,2,119
99531,14622,2,179
99531,14623,2,179
99531,14624,2,179
99531,14625,2,179
99531,27376,2,179
99532,99531,2,119
99532,23819,2,119
99532,14619,2,119
99532,14620,2,119
99532,14621,2,119
99532,14622,2,179
99532,14623,2,179
99532,14624,2,179
99532,14625,2,179
99532,27376,2,179
23819,99531,2,119
23819,99532,2,119
23819,14619,2,59
23819,14620,2,59
23819,14621,2,59
23819,14622,2,119
23819,14623,2,119
23819,14624,2,119
23819,14625,2,119
23819,27376,2,119
14619,99531,2,119
14619,99532,2,119
14619,23819,2,59
14619,14620,2,59
14619,14621,2,59
14619,14622,2,59
14619,14623,2,59
14619,14624,2,119
14619,14625,2,119
14619,27376,2,119
14620,99531,2,119
14620,99532,2,119
14620,23819,2,59
14620,14619,2,59
14620,14621,2,59
14620,14622,2,59
14620,14623,2,59
14620,14624,2,59
14620,14625,2,119
14620,27376,2,119
14621,99531,2,119
14621,99532,2,119
14621,23819,2,59
14621,14619,2,59
14621,14620,2,59
14621,14622,2,59
14621,14623,2,59
14621,14624,2,59
14621,14625,2,59
14621,27376,2,119
14622,99531,2,179
14622,99532,2,179
14622,23819,2,119
14622,14619,2,59
14622,14620,2,59
14622,14621,2,59
14622,14623,2,59
14622,14624,2,59
14622,14625,2,59
14622,27376,2,119
14623,99531,2,179
14623,99532,2,179
14623,23819,2,119
14623,14619,2,59
14623,14620,2,59
14623,14621,2,59
14623,14622,2,59
14623,14624,2,59
14623,14625,2,59
14623,27376,2,59
14624,99531,2,179
14624,99532,2,179
14624,23819,2,119
14624,14619,2,59
14624,14620,2,119
14624,14621,2,59
14624,14622,2,59
14624,14623,2,59
14624,14625,2,59
14624,27376,2,59
14625,99531,2,179
14625,99532,2,179
14625,23819,2,119
14625,14619,2,119
14625,14620,2,119
14625,14621,2,59
14625,14622,2,59
14625,14623,2,59
14625,14624,2,59
14625,27376,2,59
27376,99531,2,179
27376,99532,2,179
27376,23819,2,119
27376,14619,2,119
27376,14620,2,119
27376,14621,2,119
27376,14622,2,119
27376,14623,2,59
27376,14624,2,59
27376,14625,2,59
99321,99322,2,179
99322,99321,2,179
99431,99432,2,59
99432,99431,2,59
99651,99652,2,59
99651,23707,2,179
99651,23716,2,179
99651,23717,2,179
99651,23718,2,179
99651,23708,2,179
99651,23709,2,179
99651,23710,2,119
99651,23711,2,179
99651,23712,2,179
99651,23713,2,179
99651,23714,2,179
99651,23715,2,179
99652,99651,2,59
99652,23707,2,179
99652,23716,2,179
99652,23717,2,179
99652,23718,2,179
99652,23708,2,179
99652,23709,2,179
99652,23710,2,119
99652,23711,2,179
99652,23712,2,179
99652,23713,2,179
99652,23714,2,179
99652,23715,2,179
23707,99651,2,179
23707,99652,2,179
23707,23716,2,59
23707,23717,2,59
23707,23718,2,59
23707,23708,2,59
23707,23709,2,59
23707,23710,2,59
23707,23711,2,59
23707,23712,2,59
23707,23713,2,119
23707,23714,2,119
23707,23715,2,119
23716,99651,2,179
23716,99652,2,179
23716,23707,2,59
23716,23717,2,59
23716,23718,2,59
23716,23708,2,59
23716,23709,2,59
23716,23710,2,59
23716,23711,2,59
23716,23712,2,59
23716,23713,2,59
23716,23714,2,59
23716,23715,2,59
23717,99651,2,179
23717,99652,2,179
23717,23707,2,59
23717,23716,2,59
23717,23718,2,59
23717,23708,2,59
23717,23709,2,59
23717,23710,2,59
23717,23711,2,59
23717,23712,2,119
23717,23713,2,119
23717,23714,2,59
23717,23715,2,59
23718,99651,2,179
23718,99652,2,179
23718,23707,2,59
23718,23716,2,59
23718,23717,2,59
23718,23708,2,59
23718,23709,2,59
23718,23710,2,59
23718,23711,2,119
23718,23712,2,119
23718,23713,2,59
23718,23714,2,59
23718,23715,2,59
23708,99651,2,179
23708,99652,2,179
23708,23707,2,59
23708,23716,2,59
23708,23717,2,59
23708,23718,2,59
23708,23709,2,59
23708,23710,2,59
23708,23711,2,59
23708,23712,2,59
23708,23713,2,119
23708,23714,2,119
23708,23715,2,119
23709,99651,2,179
23709,99652,2,179
23709,23707,2,59
23709,23716,2,59
23709,23717,2,59
23709,23718,2,59
23709,23708,2,59
23709,23710,2,59
23709,23711,2,59
23709,23712,2,59
23709,23713,2,119
23709,23714,2,119
23709,23715,2,59
23710,99651,2,179
23710,99652,2,179
23710,23707,2,59
23710,23716,2,59
23710,23717,2,59
23710,23718,2,59
23710,23708,2,59
23710,23709,2,59
23710,23711,2,59
23710,23712,2,59
23710,23713,2,119
23710,23714,2,59
23710,23715,2,59
23711,99651,2,179
23711,99652,2,179
23711,23707,2,119
23711,23716,2,59
23711,23717,2,59
23711,23718,2,119
23711,23708,2,59
23711,23709,2,59
23711,23710,2,59
23711,23712,2,59
23711,23713,2,119
23711,23714,2,119
23711,23715,2,59
23712,99651,2,179
23712,99652,2,179
23712,23707,2,119
23712,23716,2,59
23712,23717,2,119
23712,23718,2,119
23712,23708,2,119
23712,23709,2,59
23712,23710,2,59
23712,23711,2,59
23712,23713,2,119
23712,23714,2,119
23712,23715,2,59
23713,99651,2,179
23713,99652,2,179
23713,23707,2,119
23713,23716,2,59
23713,23717,2,119
21983,99471,2,119
21983,99472,2,119
21983,21984,2,119
21984,99471,2,179
21984,99472,2,179
21984,21983,2,119
99671,99672,2,0
99671,27565,2,239
99671,27566,2,239
99671,27567,2,239
99671,27568,2,239
99672,99671,2,0
99672,27565,2,239
99672,27566,2,239
99672,27567,2,239
99672,27568,2,239
27565,99671,2,239
27565,99672,2,239
27565,27566,2,59
27565,27567,2,59
27565,27568,2,59
27566,99671,2,239
27566,99672,2,239
27566,27565,2,59
27566,27567,2,59
27566,27568,2,59
27567,99671,2,239
27567,99672,2,239
27567,27565,2,59
27567,27566,2,59
27567,27568,2,59
27568,99671,2,239
27568,99672,2,239
27568,27565,2,59
27568,27566,2,59
27568,27567,2,59
99481,99482,2,0
99481,17722,2,179
99481,17721,2,179
99481,17720,2,179
99482,99481,2,0
99482,17722,2,179
99482,17721,2,179
99482,17720,2,179
17722,99481,2,179
17722,99482,2,179
17722,17721,2,59
17722,17720,2,59
17721,99481,2,179
17721,99482,2,179
17721,17722,2,59
17721,17720,2,59
17720,99481,2,179
17720,99482,2,179
17720,17722,2,59
17720,17721,2,59
99111,99112,2,239
99111,13589,2,119
99111,13592,2,119
99112,99111,2,239
99112,13589,2,299
99112,13592,2,299
13589,99111,2,119
13589,99112,2,299
13589,13592,2,299
13592,99111,2,119
13592,99112,2,299
13592,13589,2,299
99641,99642,2,0
99641,23697,2,179
99641,23698,2,179
99641,23699,2,179
99641,23700,2,179
99641,23701,2,179
99641,23702,2,179
99641,23703,2,179
99641,23704,2,179
99641,23705,2,179
99641,23706,2,179
99642,99641,2,0
99642,23697,2,179
99642,23698,2,179
99642,23699,2,179
99642,23700,2,179
99642,23701,2,179
99642,23702,2,179
99642,23703,2,179
99642,23704,2,179
99642,23705,2,179
99642,23706,2,179
23697,99641,2,179
23697,99642,2,179
23697,23698,2,59
23697,23699,2,59
23697,23700,2,119
23697,23701,2,119
23697,23702,2,119
23697,23703,2,119
23697,23704,2,119
23697,23705,2,119
23697,23706,2,119
23698,99641,2,179
23698,99642,2,179
23698,23697,2,59
23698,23699,2,59
23698,23700,2,119
23698,23701,2,119
23698,23702,2,119
23698,23703,2,119
23698,23704,2,119
23698,23705,2,119
23698,23706,2,119
23699,99641,2,179
23699,99642,2,179
23699,23697,2,59
23699,23698,2,59
23699,23700,2,59
23699,23701,2,119
23699,23702,2,119
23699,23703,2,119
23699,23704,2,119
23699,23705,2,119
23699,23706,2,119
23700,99641,2,179
23700,99642,2,179
23700,23697,2,119
23700,23698,2,119
23700,23699,2,59
23700,23701,2,59
23700,23702,2,119
23700,23703,2,119
23700,23704,2,119
23700,23705,2,119
23700,23706,2,119
23701,99641,2,179
23701,99642,2,179
23701,23697,2,119
23701,23698,2,119
23701,23699,2,119
23701,23700,2,59
23701,23702,2,119
23701,23703,2,119
23701,23704,2,119
23701,23705,2,119
23701,23706,2,119
23702,99641,2,179
23702,99642,2,179
23702,23697,2,119
23702,23698,2,119
23702,23699,2,119
23702,23700,2,119
23702,23701,2,119
23702,23703,2,59
23702,23704,2,59
23702,23705,2,119
23702,23706,2,119
23703,99641,2,179
23703,99642,2,179
23703,23697,2,119
23703,23698,2,119
23703,23699,2,119
23703,23700,2,119
23703,23701,2,119
23703,23702,2,59
23703,23704,2,59
23703,23705,2,119
23703,23706,2,119
23704,99641,2,179
23704,99642,2,179
23704,23697,2,119
23704,23698,2,119
23704,23699,2,119
23704,23700,2,119
23704,23701,2,119
23704,23702,2,59
23704,23703,2,59
23704,23705,2,59
23704,23706,2,59
23705,99641,2,179
23705,99642,2,179
23705,23697,2,119
23705,23698,2,119
23705,23699,2,119
23705,23700,2,119
23705,23701,2,119
23705,23702,2,119
23705,23703,2,119
23705,23704,2,59
23705,23706,2,59
23706,99641,2,179
23706,99642,2,179
23706,23697,2,119
23706,23698,2,119
23706,23699,2,119
23706,23700,2,119
23706,23701,2,119
23706,23702,2,119
23706,23703,2,119
23706,23704,2,59
23706,23705,2,59
11130,10723,2,179
11130,10722,2,119
11130,11137,2,59
11130,11136,2,119
11130,11141,2,59
11130,11140,2,119
11130,11139,2,119
11130,11138,2,59
17908,17907,2,59
17908,17906,2,59
17907,17908,2,59
17907,17906,2,59
17906,17908,2,59
17906,17907,2,59
24972,24973,2,59
24972,24974,2,59
24972,24975,2,59
24973,24972,2,59
24973,24974,2,59
24973,24975,2,59
24974,24972,2,59
24974,24973,2,59
24974,24975,2,59
24975,24972,2,59
24975,24973,2,59
24975,24974,2,59
27928,27937,2,59
27928,27938,2,59
27928,27930,2,59
27928,27932,2,119
27928,27933,2,119
27928,27934,2,119
27928,27935,2,119
27928,27936,2,59
27937,27928,2,59
27937,27938,2,59
27937,27930,2,59
27937,27932,2,119
27937,27933,2,119
27937,27934,2,119
27937,27935,2,59
27937,27936,2,59
27938,27928,2,59
27938,27937,2,59
27938,27930,2,119
27938,27932,2,119
27938,27933,2,179
27938,27934,2,119
27938,27935,2,119
27938,27936,2,119
27930,27928,2,59
27930,27937,2,59
27930,27938,2,119
16003,16002,2,59
16003,16001,2,59
16002,16003,2,59
16002,16001,2,59
16001,16003,2,59
16001,16002,2,59
12131,12132,2,59
12131,12130,2,59
12131,26623,2,59
12132,12131,2,59
12132,12130,2,59
12132,26623,2,59
12130,12131,2,59
12130,12132,2,59
12130,26623,2,59
26623,12131,2,59
26623,12132,2,59
26623,12130,2,59
10723,10722,2,59
10723,11137,2,179
10723,11136,2,119
10723,11141,2,119
10723,11140,2,119
10723,11139,2,119
10723,11138,2,179
10723,11130,2,179
10722,10723,2,59
10722,11137,2,119
10722,11136,2,119
10722,11141,2,59
10722,11140,2,59
10722,11139,2,119
10722,11138,2,119
10722,11130,2,119
11137,10723,2,179
11137,10722,2,119
11137,11136,2,59
11137,11141,2,119
11137,11140,2,119
11137,11139,2,59
11137,11138,2,59
11137,11130,2,59
11136,10723,2,119
11136,10722,2,119
11136,11137,2,59
11136,11141,2,59
11136,11140,2,59
11136,11139,2,59
11136,11138,2,59
11136,11130,2,119
11141,10723,2,119
11141,10722,2,59
11141,11137,2,119
11141,11136,2,59
11141,11140,2,59
11141,11139,2,59
11141,11138,2,59
11141,11130,2,59
11140,10723,2,119
11140,10722,2,59
11140,11137,2,119
11140,11136,2,59
11140,11141,2,59
11140,11139,2,59
11140,11138,2,59
11140,11130,2,119
11139,10723,2,119
11139,10722,2,119
11139,11137,2,59
11139,11136,2,59
11139,11141,2,59
11139,11140,2,59
11139,11138,2,59
11139,11130,2,119
11138,10723,2,179
11138,10722,2,119
11138,11137,2,59
11138,11136,2,59
11138,11141,2,59
11138,11140,2,59
11138,11139,2,59
11138,11130,2,59
27930,27932,2,59
28709,99882,2,179
28708,99881,2,179
28709,99881,2,179
27745,27728,2,179
27745,27737,2,359
27745,27739,2,179
27745,27731,2,419
27745,27734,2,359
27745,27735,2,359
27731,27728,2,59
27731,27737,2,179
27731,27739,2,359
27731,27745,2,419
27734,27728,2,179
27734,27737,2,59
27734,27739,2,239
27734,27745,2,359
27735,27728,2,179
27735,27737,2,59
27735,27739,2,239
27735,27745,2,359
12901,12902,2,179
12902,12901,2,179
28708,99882,2,179
99551,99552,2,59
28536,28538,2,119
28536,28539,2,59
28536,28540,2,59
28536,28541,2,119
28537,28535,2,119
28537,28536,2,59
28537,28538,2,59
28537,28539,2,59
28537,28540,2,119
28537,28541,2,119
28538,28535,2,119
28538,28536,2,59
28538,28537,2,59
28538,28539,2,59
28538,28540,2,59
28538,28541,2,119
28539,28535,2,119
28539,28536,2,59
28539,28537,2,59
28539,28538,2,59
28539,28540,2,59
28539,28541,2,59
28540,28535,2,59
28540,28536,2,59
28540,28537,2,119
28540,28538,2,59
28540,28539,2,59
28540,28541,2,59
28541,28535,2,59
28541,28536,2,59
28541,28537,2,119
28541,28538,2,119
28541,28539,2,59
28541,28540,2,59
99542,99541,2,59
99541,99542,2,59
28535,99541,2,179
28536,99541,2,179
28537,99541,2,179
28538,99541,2,179
28539,99541,2,179
28540,99541,2,179
28541,99541,2,179
28535,99542,2,179
28536,99542,2,179
28537,99542,2,179
28538,99542,2,179
28539,99542,2,179
28540,99542,2,179
28541,99542,2,179
99541,28535,2,179
99541,28536,2,179
99541,28537,2,179
99541,28538,2,179
99541,28539,2,179
99541,28540,2,179
99541,28541,2,179
99542,28535,2,179
99542,28536,2,179
99542,28537,2,179
99542,28538,2,179
99542,28539,2,179
99542,28540,2,179
99542,28541,2,179
99552,99551,2,59
27941,27942,2,59
27941,27943,2,59
27941,27944,2,119
27941,27945,2,119
27941,27946,2,119
27942,27941,2,59
27942,27943,2,59
27942,27944,2,119
27942,27945,2,119
27942,27946,2,119
27943,27941,2,59
27943,27942,2,59
27943,27944,2,119
27943,27945,2,119
27943,27946,2,119
27944,27941,2,119
27944,27942,2,119
27944,27943,2,119
27944,27945,2,59
27944,27946,2,59
27945,27941,2,119
27945,27942,2,119
27945,27943,2,119
27945,27944,2,59
27945,27946,2,59
27946,27941,2,119
27946,27942,2,119
27946,27943,2,119
27946,27944,2,59
27946,27945,2,59
28542,28543,2,59
28542,28544,2,59
22739,22739,2,0
22740,22740,2,0
28542,28545,2,59
28542,28546,2,119
28542,28547,2,179
28542,28548,2,179
28542,28549,2,239
28543,28542,2,59
28543,28544,2,59
28543,28545,2,59
28543,28546,2,119
28543,28547,2,119
28543,28548,2,179
28543,28549,2,179
28544,28542,2,59
28544,28543,2,59
28544,28545,2,59
28544,28546,2,59
28544,28547,2,119
28544,28548,2,179
28544,28549,2,179
28545,28542,2,59
28545,28543,2,59
28545,28544,2,59
28545,28546,2,59
28545,28547,2,119
28545,28548,2,119
28545,28549,2,119
28546,28542,2,119
28546,28543,2,119
28546,28544,2,59
28546,28545,2,59
28546,28547,2,59
28546,28548,2,119
28546,28549,2,119
28547,28542,2,179
28547,28543,2,119
28547,28544,2,119
28547,28545,2,119
28547,28546,2,59
28547,28548,2,59
28547,28549,2,59
28548,28542,2,179
28548,28543,2,179
28548,28544,2,179
28548,28545,2,119
28548,28546,2,119
28548,28547,2,59
28548,28549,2,59
28549,28542,2,239
28549,28543,2,179
28549,28544,2,179
28549,28545,2,119
28549,28546,2,119
28549,28547,2,59
28549,28548,2,59
28542,99561,2,239
28543,99561,2,179
28544,99561,2,179
28545,99561,2,179
28546,99561,2,179
28547,99561,2,179
28548,99561,2,179
28549,99561,2,239
28542,99562,2,239
28543,99562,2,179
28544,99562,2,179
28545,99562,2,179
28546,99562,2,179
28547,99562,2,179
28548,99562,2,179
28549,99562,2,239
99561,28542,2,239
99561,28543,2,179
99561,28544,2,179
99561,28545,2,179
99561,28546,2,179
99561,28547,2,179
99561,28548,2,179
99561,28549,2,239
99562,28542,2,239
99562,28543,2,179
99562,28544,2,179
99562,28545,2,179
99562,28546,2,179
99562,28547,2,179
99562,28548,2,179
99562,28549,2,239
99201,99201,2,1159
12550,12552,2,59
12550,12553,2,59
12550,12554,2,59
12551,99831,2,179
12551,99832,2,179
12551,12547,2,59
12551,12548,2,59
12551,12549,2,59
12551,12550,2,59
12551,12552,2,59
12551,12553,2,59
12551,12554,2,59
12552,99831,2,179
12552,99832,2,179
12552,12547,2,59
12552,12548,2,59
12552,12549,2,59
12552,12550,2,59
12552,12551,2,59
12552,12553,2,59
12552,12554,2,59
12553,99831,2,119
12553,99832,2,119
12553,12547,2,59
12553,12548,2,59
12553,12549,2,59
12553,12550,2,59
12553,12551,2,59
12553,12552,2,59
12553,12554,2,59
12554,99831,2,119
12554,99832,2,119
12554,12547,2,59
12554,12548,2,59
12554,12549,2,59
12554,12550,2,59
12554,12551,2,59
12554,12552,2,59
12554,12553,2,59
99691,99692,2,179
99691,23778,2,179
99691,23779,2,179
99691,23780,2,179
99691,23781,2,179
99692,99691,2,179
99692,23778,2,179
99692,23779,2,179
99692,23780,2,179
99692,23781,2,179
23778,99691,2,179
23778,99692,2,179
23778,23779,2,59
23778,23780,2,59
23778,23781,2,59
23779,99691,2,179
23779,99692,2,179
23779,23778,2,59
23779,23780,2,59
23779,23781,2,59
23780,99691,2,179
23780,99692,2,179
23780,23778,2,59
23780,23779,2,59
23780,23781,2,59
23781,99691,2,179
23781,99692,2,179
23781,23778,2,59
23781,23779,2,59
23781,23780,2,59
99081,99082,2,59
99082,99081,2,59
12783,12782,2,59
12782,12783,2,59
12782,99211,2,179
12783,99211,2,119
12783,99212,2,179
12782,99212,2,239
99211,12783,2,119
99211,12782,2,179
99211,99212,2,59
99212,12783,2,179
99212,12782,2,239
99212,99211,2,59
99851,99852,2,59
99851,18477,2,239
99851,18478,2,239
99851,18479,2,239
99851,18480,2,179
99851,18473,2,179
99851,18474,2,179
99851,18475,2,179
99851,18476,2,179
99852,99851,2,59
99852,18477,2,239
99852,18478,2,239
99852,18479,2,239
99852,18480,2,179
99852,18473,2,179
99852,18474,2,179
99852,18475,2,179
99852,18476,2,179
18477,99851,2,239
18477,99852,2,239
18477,18478,2,59
18477,18479,2,59
18477,18480,2,59
18477,18473,2,119
18477,18474,2,119
18477,18475,2,59
18477,18476,2,59
18478,99851,2,239
18478,99852,2,239
18478,18477,2,59
18478,18479,2,59
18478,18480,2,59
18478,18473,2,59
18478,18474,2,119
18478,18475,2,59
18478,18476,2,59
18479,99851,2,239
18479,99852,2,239
18479,18477,2,59
18479,18478,2,59
18479,18480,2,59
18479,18473,2,59
18479,18474,2,59
18479,18475,2,119
18479,18476,2,59
18480,99851,2,179
18480,99852,2,179
18480,18477,2,59
18480,18478,2,59
18480,18479,2,59
18480,18473,2,59
18480,18474,2,59
18480,18475,2,59
18480,18476,2,119
18473,99851,2,179
18473,99852,2,179
18473,18477,2,119
18473,18478,2,59
18473,18479,2,59
18473,18480,2,59
18473,18474,2,59
18473,18475,2,59
18473,18476,2,59
18474,99851,2,179
18474,99852,2,179
18474,18477,2,119
18474,18478,2,119
18474,18479,2,59
18474,18480,2,59
18474,18473,2,59
18474,18475,2,59
18474,18476,2,59
18475,99851,2,179
18475,99852,2,179
18475,18477,2,59
18475,18478,2,59
18475,18479,2,119
18475,18480,2,59
18475,18473,2,59
18475,18474,2,59
18475,18476,2,59
18476,99851,2,179
18476,99852,2,179
18476,18477,2,59
18476,18478,2,59
18476,18479,2,59
18476,18480,2,119
18476,18473,2,59
18476,18474,2,59
18476,18475,2,59
27930,27933,2,59
27930,27934,2,59
27930,27935,2,59
27930,27936,2,59
27932,27928,2,119
27932,27937,2,119
27932,27938,2,119
27932,27930,2,59
27932,27933,2,59
27932,27934,2,59
27932,27935,2,59
27932,27936,2,59
27933,27928,2,119
27933,27937,2,119
27933,27938,2,179
27933,27930,2,59
27933,27932,2,59
27933,27934,2,59
27933,27935,2,59
27933,27936,2,119
27934,27928,2,119
27934,27937,2,119
27934,27938,2,119
27934,27930,2,59
27934,27932,2,59
27934,27933,2,59
27934,27935,2,59
27934,27936,2,59
27935,27928,2,119
27935,27937,2,59
27935,27938,2,119
27935,27930,2,59
27935,27932,2,59
27935,27933,2,59
27935,27934,2,59
27935,27936,2,59
27936,27928,2,59
27936,27937,2,59
27936,27938,2,119
27936,27930,2,59
27936,27932,2,59
27936,27933,2,119
27936,27934,2,59
27936,27935,2,59
11699,11698,2,59
11699,11697,2,59
11699,11696,2,59
11699,11700,2,59
11699,11701,2,59
11699,11702,2,59
11699,11248,2,59
11699,28016,2,179
11698,11699,2,59
11698,11697,2,59
11698,11696,2,59
11698,11700,2,59
11698,11701,2,59
11698,11702,2,59
11698,11248,2,59
11698,28016,2,179
11697,11699,2,59
11697,11698,2,59
11697,11696,2,59
11697,11700,2,59
11697,11701,2,59
11697,11702,2,59
11697,11248,2,119
11697,28016,2,239
11696,11699,2,59
11696,11698,2,59
11696,11697,2,59
11696,11700,2,59
11696,11701,2,59
11696,11702,2,119
11696,11248,2,119
11696,28016,2,239
11700,11699,2,59
11700,11698,2,59
11700,11697,2,59
11700,11696,2,59
11700,11701,2,59
11700,11702,2,59
11700,11248,2,59
11700,28016,2,239
11701,11699,2,59
11701,11698,2,59
11701,11697,2,59
11701,11696,2,59
11701,11700,2,59
11701,11702,2,59
11701,11248,2,59
11701,28016,2,179
11702,11699,2,59
11702,11698,2,59
11702,11697,2,59
11702,11696,2,119
11702,11700,2,59
11702,11701,2,59
11702,11248,2,59
11702,28016,2,179
11248,11699,2,59
11248,11698,2,59
11248,11697,2,119
11248,11696,2,119
11248,11700,2,59
11248,11701,2,59
11248,11702,2,59
11248,28016,2,179
28016,11699,2,179
28016,11698,2,179
28016,11697,2,239
28016,11696,2,239
28016,11700,2,239
28016,11701,2,179
28016,11702,2,179
28016,11248,2,179
13965,13964,2,59
13965,13963,2,59
13965,13962,2,59
13964,13965,2,59
13964,13963,2,59
13964,13962,2,59
13963,13965,2,59
13963,13964,2,59
13963,13962,2,59
13962,13965,2,59
13962,13964,2,59
13962,13963,2,59
11364,11360,2,59
11365,11358,2,119
11365,11359,2,119
11365,11360,2,119
11366,11358,2,59
11366,11359,2,119
11366,11360,2,119
17043,17044,2,59
17043,17045,2,59
17043,17046,2,59
17043,26688,2,59
17043,26689,2,59
17043,26690,2,59
17043,26691,2,59
17044,17043,2,59
17044,17045,2,59
17044,17046,2,59
17044,26688,2,59
17044,26689,2,59
17044,26690,2,59
17044,26691,2,59
17045,17043,2,59
17045,17044,2,59
17045,17046,2,59
17045,26688,2,59
17045,26689,2,59
17045,26690,2,59
17045,26691,2,59
17046,17043,2,59
17046,17044,2,59
17046,17045,2,59
17046,26688,2,119
17046,26689,2,59
17046,26690,2,59
17046,26691,2,59
26688,17043,2,59
26688,17044,2,59
26688,17045,2,59
26688,17046,2,119
26688,26689,2,59
26688,26690,2,59
26688,26691,2,59
26689,17043,2,59
26689,17044,2,59
26689,17045,2,59
26689,17046,2,59
26689,26688,2,59
26689,26690,2,59
26689,26691,2,59
26690,17043,2,59
26690,17044,2,59
26690,17045,2,59
26690,17046,2,59
26690,26688,2,59
26690,26689,2,59
26690,26691,2,59
26691,17043,2,59
26691,17044,2,59
26691,17045,2,59
26691,17046,2,59
26691,26688,2,59
26691,26689,2,59
26691,26690,2,59
12539,12546,2,59
12539,12545,2,119
12539,12544,2,119
12539,12538,2,59
12539,26333,2,59
12539,12537,2,59
12539,12536,2,59
12539,12543,2,59
12539,12542,2,59
12539,12541,2,59
12539,12540,2,119
12546,12539,2,59
12546,12545,2,59
12546,12544,2,59
12546,12538,2,119
12546,26333,2,119
12546,12537,2,59
12546,12536,2,59
12546,12543,2,119
12546,12542,2,59
12546,12541,2,59
12546,12540,2,119
12545,12539,2,119
12545,12546,2,59
12545,12544,2,59
12545,12538,2,119
12545,26333,2,119
12545,12537,2,59
12545,12536,2,119
12545,12543,2,119
12545,12542,2,59
12545,12541,2,59
12545,12540,2,59
12544,12539,2,119
12544,12546,2,59
12544,12545,2,59
12544,12538,2,119
12544,26333,2,59
12544,12537,2,119
12544,12536,2,119
12544,12543,2,59
12544,12542,2,119
12544,12541,2,59
12544,12540,2,59
12538,12539,2,59
12538,12546,2,119
12538,12545,2,119
12538,12544,2,59
12538,26333,2,59
12538,12537,2,59
12538,12536,2,119
12538,12543,2,59
12538,12542,2,119
12538,12541,2,119
12538,12540,2,119
26333,12539,2,59
26333,12546,2,119
26333,12545,2,59
26333,12544,2,59
26333,12538,2,59
26333,12537,2,59
26333,12536,2,119
26333,12543,2,59
26333,12542,2,119
26333,12541,2,119
26333,12540,2,59
12537,12539,2,59
12537,12546,2,59
12537,12545,2,59
12537,12544,2,119
12537,12538,2,59
12537,26333,2,59
12537,12536,2,59
12537,12543,2,59
12537,12542,2,59
12537,12541,2,59
12537,12540,2,59
12536,12539,2,59
12536,12546,2,59
12536,12545,2,119
12536,12544,2,119
12536,12538,2,119
12536,26333,2,119
12536,12537,2,59
12536,12543,2,59
12536,12542,2,59
12536,12541,2,59
12536,12540,2,119
12543,12539,2,59
12543,12546,2,119
12543,12545,2,119
12543,12544,2,59
12543,12538,2,59
12543,26333,2,59
12543,12537,2,59
12543,12536,2,59
12543,12542,2,119
12543,12541,2,59
12543,12540,2,59
12542,12539,2,59
12542,12546,2,59
12542,12545,2,59
12542,12544,2,119
12542,12538,2,119
12542,26333,2,119
12542,12537,2,59
12542,12536,2,59
12542,12543,2,119
12542,12541,2,59
12542,12540,2,59
12541,12539,2,59
12541,12546,2,59
12541,12545,2,59
12541,12544,2,59
12541,12538,2,119
12541,26333,2,119
12541,12537,2,59
12541,12536,2,59
12541,12543,2,59
12541,12542,2,59
12541,12540,2,59
12540,12539,2,119
12540,12546,2,119
12540,12545,2,59
12540,12544,2,59
12540,12538,2,119
12540,26333,2,59
12540,12537,2,59
12540,12536,2,119
12540,12543,2,59
12540,12542,2,59
12540,12541,2,59
99721,28789,2,179
28789,99721,2,179
99721,28790,2,179
28790,99721,2,179
99721,28791,2,119
28791,99721,2,119
99721,28792,2,119
28792,99721,2,119
99721,28795,2,179
99721,28794,2,119
99721,28793,2,119
28795,99721,2,179
28794,99721,2,119
28793,99721,2,119
99722,28789,2,179
11366,11363,2,59
99722,28790,2,179
99722,28791,2,119
99722,28792,2,119
99722,28793,2,179
99722,28794,2,179
99722,28795,2,179
28789,99722,2,179
11366,11362,2,59
11366,11361,2,59
28790,99722,2,179
28791,99722,2,119
28792,99722,2,119
28793,99722,2,179
28794,99722,2,179
28795,99722,2,179
28793,28789,2,179
28793,28790,2,179
28793,28791,2,119
28793,28792,2,119
28793,28794,2,59
28793,28795,2,59
28792,28789,2,119
28792,28790,2,59
28792,28791,2,59
28792,28793,2,119
28792,28794,2,59
28792,28795,2,119
28794,28789,2,119
11365,11363,2,59
28794,28790,2,119
28794,28791,2,59
28794,28793,2,59
28794,28792,2,59
28794,28795,2,59
28795,28789,2,179
28795,28790,2,179
11365,11362,2,119
11365,11361,2,59
28795,28791,2,119
28795,28793,2,59
28795,28792,2,119
28795,28794,2,59
11363,11362,2,59
11363,11361,2,59
28789,28790,2,59
28789,28791,2,59
28789,28793,2,119
11362,11363,2,59
11362,11361,2,59
28789,28792,2,119
28789,28794,2,119
11364,11363,2,59
28789,28795,2,179
28790,28789,2,59
28790,28791,2,59
28790,28793,2,59
28790,28792,2,59
11361,11363,2,59
11361,11362,2,59
11364,11362,2,59
11364,11361,2,119
28790,28794,2,119
28790,28795,2,179
28791,28789,2,59
28791,28790,2,59
28791,28793,2,119
28791,28792,2,59
28791,28794,2,59
28791,28795,2,119
11363,11366,2,59
11363,11365,2,59
11363,11364,2,59
11362,11366,2,59
11362,11365,2,119
11362,11364,2,59
11361,11366,2,59
11361,11365,2,59
11361,11364,2,119
11366,11365,2,59
11366,11364,2,59
11365,11366,2,59
11365,11364,2,59
11364,11366,2,59
11364,11365,2,59
27728,27737,2,239
28524,28524,2,0
27728,27739,2,359
28525,28525,2,0
28526,28526,2,0
28527,28527,2,0
27728,27745,2,179
28528,28528,2,0
28529,28529,2,0
27728,27731,2,59
27728,27734,2,179
27728,27735,2,179
27737,27728,2,239
27737,27739,2,179
27737,27745,2,359
27737,27731,2,179
27737,27734,2,59
27737,27735,2,59
27739,27728,2,359
27739,27737,2,179
27739,27745,2,179
27739,27731,2,359
27739,27734,2,239
27739,27735,2,239
